Age (years b2k)	d18O(permil)
20	-35.16
40	-35.82
60	-35.11
80	-34.65
100	-34.53
120	-35.29
140	-35.02
160	-35.02
180	-35.78
200	-35.16
220	-35.61
240	-35.12
260	-35.79
280	-35.82
300	-35.36
320	-36.05
340	-35.39
360	-36.14
380	-35.33
400	-35.35
420	-35.72
440	-35.03
460	-35.61
480	-35.82
500	-34.93
520	-35.07
540	-35.87
560	-35.13
580	-34.98
600	-35.05
620	-35.53
640	-34.86
660	-35.25
680	-36.43
700	-35.07
720	-35.2
740	-35.49
760	-35.67
780	-35.4
800	-35.15
820	-35.8
840	-35.34
860	-35.62
880	-35.37
900	-35.59
920	-35.14
940	-35.45
960	-35.61
980	-35.92
1000	-34.96
1020	-35.24
1040	-35.02
1060	-35
1080	-34.98
1100	-35.41
1120	-35.73
1140	-35.35
1160	-35.75
1180	-35.45
1200	-35.34
1220	-35.38
1240	-35.27
1260	-35.15
1280	-35.33
1300	-35.33
1320	-35.27
1340	-35.14
1360	-34.69
1380	-35.44
1400	-35.26
1420	-35.14
1440	-35.28
1460	-34.43
1480	-35.78
1500	-35.33
1520	-35.83
1540	-35.39
1560	-35.35
1580	-35.74
1600	-34.46
1620	-34.64
1640	-35.27
1660	-35.86
1680	-35.49
1700	-35.27
1720	-35.8
1740	-34.93
1760	-35.55
1780	-35.9
1800	-35.44
1820	-35.47
1840	-35.37
1860	-35.04
1880	-35.39
1900	-34.49
1920	-35.07
1940	-34.43
1960	-34.71
1980	-35.1
2000	-35.32
2020	-35.11
2040	-34.79
2060	-35.35
2080	-34.95
2100	-34.89
2120	-35.07
2140	-35.46
2160	-35.18
2180	-36.07
2200	-35.76
2220	-35.2
2240	-35.26
2260	-34.84
2280	-34.57
2300	-34.81
2320	-35.11
2340	-34.94
2360	-35.09
2380	-35.26
2400	-35.08
2420	-34.68
2440	-34.86
2460	-35.32
2480	-35.88
2500	-35.48
2520	-35.71
2540	-34.83
2560	-35.24
2580	-34.84
2600	-35.43
2620	-35.06
2640	-35.41
2660	-35.14
2680	-35.14
2700	-35.43
2720	-35.32
2740	-35.12
2760	-35.1
2780	-34.83
2800	-34.91
2820	-34.99
2840	-34.92
2860	-34.63
2880	-35.49
2900	-35.2
2920	-34.98
2940	-34.81
2960	-34.38
2980	-34.81
3000	-34.85
3020	-34.79
3040	-35.45
3060	-35.14
3080	-34.94
3100	-35.14
3120	-34.97
3140	-34.87
3160	-35.04
3180	-35.26
3200	-34.54
3220	-35.25
3240	-35.28
3260	-34.76
3280	-35.54
3300	-35.25
3320	-35.24
3340	-34.89
3360	-34.29
3380	-34.98
3400	-35.42
3420	-34.66
3440	-34.8
3460	-34.67
3480	-35.19
3500	-35.28
3520	-34.75
3540	-35.1
3560	-35.42
3580	-34.77
3600	-34.63
3620	-35.09
3640	-35.18
3660	-34.93
3680	-34.28
3700	-34.71
3720	-34.68
3740	-34.41
3760	-34.65
3780	-35.36
3800	-35.27
3820	-34.78
3840	-35.01
3860	-35.17
3880	-35.36
3900	-34.9
3920	-35.34
3940	-35.16
3960	-34.85
3980	-35.12
4000	-34.96
4020	-35.14
4040	-34.41
4060	-35.2
4080	-34.74
4100	-35.53
4120	-35.14
4140	-34.87
4160	-35.2
4180	-34.72
4200	-34.76
4220	-34.5
4240	-34.78
4260	-35.01
4280	-35.26
4300	-34.92
4320	-34.63
4340	-34.79
4360	-34.75
4380	-35
4400	-35.47
4420	-35.2
4440	-34.76
4460	-34.06
4480	-34.8
4500	-35.15
4520	-34.83
4540	-35.27
4560	-34.83
4580	-34.21
4600	-34.57
4620	-34.51
4640	-35.05
4660	-34.69
4680	-35.21
4700	-35.02
4720	-34.71
4740	-34.79
4760	-35.09
4780	-34.54
4800	-34.82
4820	-34.66
4840	-34.93
4860	-34.42
4880	-34.89
4900	-34.79
4920	-34.65
4940	-34.55
4960	-34.57
4980	-34.08
5000	-34.92
5020	-34.79
5040	-34.53
5060	-34.8
5080	-34.63
5100	-34.84
5120	-34.64
5140	-35.11
5160	-34.73
5180	-35.05
5200	-33.85
5220	-34.63
5240	-34.9
5260	-34.74
5280	-34.56
5300	-35.27
5320	-35.03
5340	-34.77
5360	-35.39
5380	-34.96
5400	-34.78
5420	-35.1
5440	-34.35
5460	-34.81
5480	-34.91
5500	-34.47
5520	-34.53
5540	-34.7
5560	-34.36
5580	-34.22
5600	-35.06
5620	-34.78
5640	-35.19
5660	-33.88
5680	-35.2
5700	-35.18
5720	-34.51
5740	-35.25
5760	-34.69
5780	-34.71
5800	-34.55
5820	-34.5
5840	-34.71
5860	-35.02
5880	-34.71
5900	-33.95
5920	-34.2
5940	-34.61
5960	-34.91
5980	-34.73
6000	-34.85
6020	-35.03
6040	-34.77
6060	-34.78
6080	-35.49
6100	-34.27
6120	-35.17
6140	-34.71
6160	-34.39
6180	-34.42
6200	-34.89
6220	-34.89
6240	-34.58
6260	-34.6
6280	-35.13
6300	-34.38
6320	-35.2
6340	-34.55
6360	-34.6
6380	-34.86
6400	-34.99
6420	-34.23
6440	-34.62
6460	-34.07
6480	-34.97
6500	-34.32
6520	-34.5
6540	-34.53
6560	-35.01
6580	-34.97
6600	-34.98
6620	-34.45
6640	-34.37
6660	-34.61
6680	-34.57
6700	-34.74
6720	-34.37
6740	-34.49
6760	-34.52
6780	-34.58
6800	-35.12
6820	-34.69
6840	-34.32
6860	-34.36
6880	-34.72
6900	-34.56
6920	-34.97
6940	-34.32
6960	-34.26
6980	-35.11
7000	-34.73
7020	-34.47
7040	-34.82
7060	-34.9
7080	-34.77
7100	-34.4
7120	-34.95
7140	-34.97
7160	-34.36
7180	-35.28
7200	-34.74
7220	-34.68
7240	-34.93
7260	-34.87
7280	-34.12
7300	-34.84
7320	-34.99
7340	-34.73
7360	-34.64
7380	-34.74
7400	-34.31
7420	-34.55
7440	-34.62
7460	-34.5
7480	-34.44
7500	-33.88
7520	-34.77
7540	-34.78
7560	-35.04
7580	-34.34
7600	-34.52
7620	-34.08
7640	-34.01
7660	-34.88
7680	-33.9
7700	-34.01
7720	-34.65
7740	-34.26
7760	-34.09
7780	-34.75
7800	-34.35
7820	-34.13
7840	-33.76
7860	-34.35
7880	-34.4
7900	-34.62
7920	-34.98
7940	-34.51
7960	-34.78
7980	-34.83
8000	-33.6
8020	-34.04
8040	-34.4
8060	-34.43
8080	-35.05
8100	-34.51
8120	-34.5
8140	-33.96
8160	-35.44
8180	-35.68
8200	-35.54
8220	-36.06
8240	-35.88
8260	-36.03
8280	-35.21
8300	-35.68
8320	-34.5
8340	-34.7
8360	-34.87
8380	-34.95
8400	-34.41
8420	-35.36
8440	-34.79
8460	-34.46
8480	-35.07
8500	-34.7
8520	-34.43
8540	-34.83
8560	-34.99
8580	-34.59
8600	-34.35
8620	-34.83
8640	-34.18
8660	-35.02
8680	-35.46
8700	-35.21
8720	-34.01
8740	-34.92
8760	-34.49
8780	-35.34
8800	-34.22
8820	-35.57
8840	-35.22
8860	-34.08
8880	-35.15
8900	-34.57
8920	-34.17
8940	-34.3
8960	-34.71
8980	-34.57
9000	-34.47
9020	-34.68
9040	-35.57
9060	-35.18
9080	-34.92
9100	-34.73
9120	-34.61
9140	-34.98
9160	-34.47
9180	-34.34
9200	-34.7
9220	-34.83
9240	-34.92
9260	-35.62
9280	-35.66
9300	-36.05
9320	-35.19
9340	-35.04
9360	-34.91
9380	-34.56
9400	-34.87
9420	-34.8
9440	-34.83
9460	-35.12
9480	-35.12
9500	-34.92
9520	-34.66
9540	-35.01
9560	-34.56
9580	-34.98
9600	-35.13
9620	-34.95
9640	-34.77
9660	-34.96
9680	-34.85
9700	-34.84
9720	-34.62
9740	-34.68
9760	-34.87
9780	-34.66
9800	-34.49
9820	-35.12
9840	-35.37
9860	-35.22
9880	-34.54
9900	-35.06
9920	-35.26
9940	-34.85
9960	-35.46
9980	-34.65
10000	-35.1
10020	-34.94
10040	-35.11
10060	-35.79
10080	-35.21
10100	-35.32
10120	-35.29
10140	-35.45
10160	-34.99
10180	-35.02
10200	-34.89
10220	-35.93
10240	-35.54
10260	-36.33
10280	-36.39
10300	-36.01
10320	-36.01
10340	-35.2
10360	-36.12
10380	-36.18
10400	-36.36
10420	-35.96
10440	-36.12
10460	-36.04
10480	-35.53
10500	-36.34
10520	-35.46
10540	-35.73
10560	-35.86
10580	-35.99
10600	-35.89
10620	-36.12
10640	-36.13
10660	-36.16
10680	-35.5
10700	-35.77
10720	-36.05
10740	-36.45
10760	-35.88
10780	-36.22
10800	-36.83
10820	-35.84
10840	-36.59
10860	-36.09
10880	-37.23
10900	-37.6
10920	-37.25
10940	-37.15
10960	-37
10980	-38.01
11000	-36.53
11020	-37.05
11040	-36.44
11060	-36.64
11080	-36.89
11100	-37.11
11120	-36.71
11140	-36.43
11160	-37.13
11180	-36.62
11200	-37.25
11220	-37.39
11240	-37.6
11260	-36.57
11280	-36.16
11300	-36.58
11320	-37.54
11340	-36.67
11360	-36.91
11380	-37.45
11400	-37.63
11420	-37.11
11440	-38.46
11460	-38.26
11480	-38.72
11500	-37.41
11520	-37.84
11540	-36.9
11560	-36.6
11580	-36.87
11600	-36.78
11620	-36.41
11640	-36.57
11660	-36.68
11680	-38.49
11700	-39.04
11720	-39.6
11740	-39.72
11760	-40.85
11780	-40.55
11800	-39.87
11820	-40.45
11840	-40.97
11860	-39.17
11880	-38.93
11900	-41.52
11920	-39.73
11940	-41.94
11960	-40.34
11980	-41.54
12000	-40.54
12020	-39.6
12040	-40.17
12060	-39.32
12080	-40.77
12100	-40.74
12120	-41.89
12140	-40.61
12160	-41.76
12180	-42.09
12200	-38.91
12220	-41.4
12240	-40.9
12260	-39.9
12280	-40.71
12300	-41.01
12320	-40.41
12340	-40.95
12360	-41.73
12380	-41.17
12400	-40.73
12420	-41.21
12440	-41.05
12460	-41.39
12480	-40.02
12500	-41.91
12520	-40.62
12540	-39.09
12560	-40.95
12580	-40.54
12600	-41.43
12620	-42.71
12640	-40.59
12660	-41.82
12680	-40.92
12700	-42.27
12720	-41.82
12740	-41.95
12760	-41.06
12780	-39.86
12800	-40.17
12820	-40.36
12840	-39.88
12860	-38.98
12880	-39.81
12900	-40.11
12920	-39.42
12940	-37.79
12960	-38.25
12980	-39.11
13000	-38.96
13020	-39.87
13040	-39.55
13060	-39.49
13080	-40.52
13100	-39.77
13120	-40.57
13140	-40.17
13160	-41.51
13180	-40.08
13200	-40.53
13220	-40.1
13240	-40.58
13260	-39.45
13280	-39.3
13300	-38.97
13320	-39.03
13340	-39.35
13360	-39.07
13380	-38.56
13400	-38.36
13420	-38.76
13440	-38.14
13460	-38.56
13480	-38.79
13500	-38.33
13520	-37.74
13540	-38.08
13560	-38.29
13580	-38.99
13600	-39.36
13620	-39.64
13640	-40.05
13660	-39.21
13680	-39.09
13700	-38.67
13720	-38.93
13740	-37.66
13760	-38.45
13780	-39.42
13800	-38.81
13820	-37.86
13840	-39.05
13860	-37.96
13880	-38
13900	-38.43
13920	-38.21
13940	-38.61
13960	-38.03
13980	-39.99
14000	-39.03
14020	-39.73
14040	-40.21
14060	-39.9
14080	-40.94
14100	-38.05
14120	-38.34
14140	-38.01
14160	-38.68
14180	-38.04
14200	-37.59
14220	-37.46
14240	-38.42
14260	-37.76
14280	-37.19
14300	-37.13
14320	-37.05
14340	-37.54
14360	-36.81
14380	-37.49
14400	-36.07
14420	-37.17
14440	-37.29
14460	-37.04
14480	-36.86
14500	-36.26
14520	-36.11
14540	-36.14
14560	-36.14
14580	-36.98
14600	-35.81
14620	-36.74
14640	-37.48
14660	-37.52
14680	-37.97
14700	-40.64
14720	-41.96
14740	-42.47
14760	-40.81
14780	-41.03
14800	-39.92
14820	-40.68
14840	-42.44
14860	-40.78
14880	-41.18
14900	-40.14
14920	-41.47
14940	-41.76
14960	-41.65
14980	-40.88
15000	-42.61
15020	-42.37
15040	-41.54
15060	-43.17
15080	-39.98
15100	-43.51
15120	-42.76
15140	-40.12
15160	-42.26
15180	-42.99
15200	-42.08
15220	-40.57
15240	-43.57
15260	-40.55
15280	-44.91
15300	-41.99
15320	-41.29
15340	-42.08
15360	-40.75
15380	-40.66
15400	-40.04
15420	-43.26
15440	-42.38
15460	-42.89
15480	-41.61
15500	-41.95
15520	-43.57
15540	-41.88
15560	-43.21
15580	-44.56
15600	-42.31
15620	-42.15
15640	-42.12
15660	-42.2
15680	-40.39
15700	-43.5
15720	-43.08
15740	-44.63
15760	-42.79
15780	-44.02
15800	-43.85
15820	-40.21
15840	-41.7
15860	-41.15
15880	-40.81
15900	-43.15
15920	-42.98
15940	-41.55
15960	-40.53
15980	-41.6
16000	-41.94
16020	-42.3
16040	-41.42
16060	-41.29
16080	-42.99
16100	-44.97
16120	-43.25
16140	-40.35
16160	-43.59
16180	-41.86
16200	-41.64
16220	-44.27
16240	-39.89
16260	-42.36
16280	-41.99
16300	-40.71
16320	-42.1
16340	-42.33
16360	-42.5
16380	-39.74
16400	-42.81
16420	-41.62
16440	-40.74
16460	-42.58
16480	-41.26
16500	-41.18
16520	-38.29
16540	-40.38
16560	-41.68
16580	-41.52
16600	-40.58
16620	-42.77
16640	-42.78
16660	-40.88
16680	-41.55
16700	-40.65
16720	-42.69
16740	-39.36
16760	-40.72
16780	-41.8
16800	-40.92
16820	-39.26
16840	-40.64
16860	-39.46
16880	-40.35
16900	-40.3
16920	-42.1
16940	-41.25
16960	-42.41
16980	-40.69
17000	-42.12
17020	-40.42
17040	-42.23
17060	-40
17080	-39.76
17100	-38.99
17120	-42.35
17140	-39.8
17160	-40.26
17180	-40.48
17200	-40.56
17220	-40.17
17240	-41.24
17260	-42.24
17280	-39.81
17300	-39.8
17320	-41.58
17340	-40.55
17360	-40.64
17380	-39.94
17400	-41.25
17420	-42.94
17440	-42.38
17460	-41.52
17480	-40.75
17500	-40.72
17520	-41.49
17540	-41.22
17560	-38.85
17580	-40.46
17600	-41.85
17620	-39.58
17640	-39.7
17660	-40.89
17680	-40.04
17700	-40.7
17720	-42.53
17740	-41.35
17760	-41.31
17780	-41.04
17800	-40.9
17820	-38.95
17840	-41.45
17860	-42.4
17880	-43.36
17900	-41.14
17920	-40.93
17940	-42.52
17960	-41.74
17980	-43.47
18000	-42.27
18020	-42.68
18040	-41.83
18060	-40.5
18080	-42.77
18100	-42.9
18120	-42.77
18140	-42.99
18160	-40.6
18180	-40.68
18200	-40.98
18220	-42.25
18240	-41.83
18260	-41.63
18280	-44.35
18300	-42.17
18320	-40.74
18340	-43.78
18360	-42.4
18380	-43.02
18400	-42.35
18420	-41.89
18440	-42.12
18460	-42.25
18480	-42.82
18500	-40.04
18520	-42.21
18540	-41.75
18560	-39.92
18580	-40.92
18600	-42.85
18620	-41.37
18640	-40.41
18660	-40.96
18680	-40.12
18700	-41.7
18720	-41.13
18740	-41.01
18760	-42.66
18780	-42.25
18800	-41.46
18820	-41.24
18840	-40.87
18860	-41.97
18880	-40.39
18900	-40.26
18920	-42.36
18940	-42.09
18960	-40.85
18980	-42.11
19000	-41.29
19020	-42.16
19040	-40.04
19060	-42.61
19080	-41.81
19100	-42.03
19120	-41.5
19140	-42.48
19160	-42.75
19180	-41.38
19200	-43.74
19220	-42.52
19240	-40.54
19260	-43.75
19280	-41.23
19300	-42.72
19320	-40.42
19340	-41.28
19360	-41.68
19380	-41.75
19400	-42.86
19420	-43.07
19440	-42.36
19460	-40.85
19480	-41.35
19500	-42.17
19520	-41.37
19540	-42.65
19560	-40.93
19580	-42.56
19600	-40.46
19620	-40.83
19640	-40.89
19660	-41.84
19680	-39.93
19700	-41.5
19720	-42.05
19740	-41.43
19760	-41.4
19780	-41.63
19800	-42.8
19820	-43.02
19840	-41.4
19860	-40.22
19880	-40.69
19900	-41.43
19920	-40.66
19940	-41.6
19960	-42.62
19980	-42.14
20000	-42.66
20020	-41.97
20040	-41.69
20060	-42.76
20080	-42.71
20100	-41.33
20120	-42.68
20140	-42.01
20160	-42.6
20180	-42.19
20200	-42.79
20220	-40.37
20240	-41.4
20260	-42.46
20280	-42.54
20300	-41.92
20320	-42.38
20340	-43.13
20360	-41.86
20380	-43.12
20400	-44.51
20420	-42.45
20440	-43.21
20460	-43.52
20480	-42.04
20500	-41.92
20520	-43.2
20540	-43.36
20560	-44.97
20580	-42.52
20600	-42.06
20620	-41.89
20640	-42.42
20660	-40.62
20680	-40.09
20700	-43.6
20720	-42.12
20740	-39.93
20760	-42.75
20780	-42.39
20800	-42.98
20820	-40.72
20840	-43.35
20860	-42.55
20880	-42.08
20900	-43.27
20920	-42.27
20940	-43.93
20960	-42.95
20980	-43.09
21000	-44.85
21020	-43.5
21040	-42.52
21060	-42.26
21080	-43.68
21100	-43.31
21120	-42.63
21140	-41.83
21160	-42.08
21180	-41.92
21200	-43.89
21220	-42.88
21240	-43.91
21260	-42.58
21280	-42.68
21300	-41.02
21320	-41.96
21340	-42.42
21360	-43.83
21380	-42.06
21400	-42.52
21420	-43.75
21440	-41.22
21460	-42.34
21480	-43.06
21500	-44.58
21520	-41.88
21540	-42.04
21560	-42.86
21580	-42.1
21600	-41.02
21620	-42.87
21640	-41.93
21660	-43.4
21680	-42.04
21700	-41.6
21720	-44.16
21740	-43.94
21760	-42.49
21780	-43.68
21800	-43.51
21820	-43.1
21840	-42.76
21860	-43.59
21880	-43.13
21900	-41.36
21920	-41.9
21940	-42.24
21960	-42.45
21980	-42.68
22000	-42.6
22020	-42.55
22040	-41.88
22060	-40.51
22080	-43.27
22100	-40.99
22120	-43.28
22140	-42.03
22160	-41
22180	-42.17
22200	-41.51
22220	-41.53
22240	-41.15
22260	-41.44
22280	-42.32
22300	-42.41
22320	-43.05
22340	-42.69
22360	-41.05
22380	-43.67
22400	-42.38
22420	-43.47
22440	-42.36
22460	-42.51
22480	-41.82
22500	-42
22520	-43.97
22540	-43.04
22560	-42.77
22580	-42.05
22600	-42.34
22620	-41.7
22640	-42.74
22660	-42.96
22680	-43.02
22700	-43.31
22720	-42.72
22740	-40.56
22760	-40.83
22780	-40.19
22800	-42.56
22820	-41.26
22840	-42.21
22860	-41.82
22880	-43.69
22900	-42.37
22920	-41.04
22940	-42.02
22960	-40.35
22980	-41.31
23000	-41.83
23020	-42.79
23040	-42.06
23060	-41.94
23080	-42.18
23100	-43.6
23120	-43.04
23140	-42.03
23160	-41.85
23180	-42.78
23200	-41.48
23220	-41.17
23240	-41.93
23260	-41.22
23280	-40.28
23300	-39.11
23320	-40.34
23340	-40.04
23360	-41.21
23380	-42.47
23400	-42.83
23420	-44.36
23440	-42.78
23460	-42.41
23480	-41.87
23500	-42.04
23520	-44.64
23540	-44.12
23560	-44.64
23580	-44.25
23600	-41.8
23620	-44.75
23640	-44.64
23660	-42.81
23680	-43.13
23700	-44.55
23720	-45.29
23740	-43.41
23760	-41.51
23780	-44.11
23800	-43.95
23820	-43.84
23840	-44.14
23860	-44.13
23880	-43.66
23900	-43.11
23920	-43.53
23940	-42.93
23960	-44.44
23980	-43.86
24000	-40.99
24020	-42.65
24040	-42.48
24060	-44.11
24080	-44.03
24100	-44.24
24120	-42.92
24140	-44.3
24160	-43.05
24180	-44.18
24200	-42.27
24220	-44.34
24240	-44.51
24260	-44.33
24280	-43.6
24300	-43.86
24320	-41.79
24340	-43.65
24360	-43.11
24380	-44.07
24400	-43.88
24420	-44.29
24440	-42.3
24460	-42.04
24480	-44.64
24500	-43.01
24520	-42.93
24540	-43.63
24560	-43.8
24580	-42.72
24600	-42.02
24620	-43.29
24640	-42.78
24660	-45.76
24680	-43.64
24700	-44.79
24720	-42.48
24740	-42.71
24760	-43.02
24780	-44.34
24800	-43.24
24820	-45.27
24840	-44.28
24860	-43.69
24880	-44.14
24900	-44.93
24920	-44.77
24940	-43.33
24960	-41.88
24980	-43.23
25000	-42.66
25020	-42.41
25040	-43.54
25060	-42.71
25080	-43.66
25100	-44.35
25120	-44.14
25140	-44.35
25160	-43.05
25180	-42.74
25200	-43.11
25220	-43.42
25240	-42.35
25260	-44.12
25280	-43.08
25300	-43.91
25320	-43.14
25340	-44.02
25360	-43.4
25380	-42.2
25400	-43.45
25420	-43.65
25440	-45.14
25460	-44.36
25480	-45.3
25500	-44.09
25520	-42.41
25540	-41.35
25560	-42.65
25580	-45.02
25600	-43.6
25620	-43.17
25640	-43
25660	-44.91
25680	-44.45
25700	-46.11
25720	-43.74
25740	-43.94
25760	-45.14
25780	-43.34
25800	-43.46
25820	-44.1
25840	-43.96
25860	-45.11
25880	-44.4
25900	-44.55
25920	-44.51
25940	-42.56
25960	-43.2
25980	-44.36
26000	-42.59
26020	-44.19
26040	-45.64
26060	-43.37
26080	-42.39
26100	-43.78
26120	-41.93
26140	-44.14
26160	-42.56
26180	-42.46
26200	-41.67
26220	-43.1
26240	-42.19
26260	-44.16
26280	-43.22
26300	-42.92
26320	-43.21
26340	-42.18
26360	-42.76
26380	-42.87
26400	-41.74
26420	-42.75
26440	-42.85
26460	-43.4
26480	-43.25
26500	-42.75
26520	-44.69
26540	-44.44
26560	-46.5
26580	-45.54
26600	-43.31
26620	-43.22
26640	-44.2
26660	-43.05
26680	-43.1
26700	-43.63
26720	-43.09
26740	-43.5
26760	-44.54
26780	-43.78
26800	-44.37
26820	-44.73
26840	-42.85
26860	-42.83
26880	-44.65
26900	-43.44
26920	-43.13
26940	-44.22
26960	-43.1
26980	-41.77
27000	-43.73
27020	-43.44
27040	-44
27060	-44.59
27080	-43.95
27100	-42.86
27120	-42.44
27140	-41.29
27160	-44.38
27180	-41.8
27200	-43.26
27220	-43.39
27240	-43.19
27260	-43.21
27280	-43.05
27300	-43.45
27320	-43.13
27340	-44.58
27360	-43.26
27380	-44.36
27400	-43.64
27420	-44.89
27440	-44.91
27460	-43.95
27480	-44.47
27500	-42.95
27520	-42.51
27540	-43.01
27560	-41.71
27580	-41.07
27600	-40.93
27620	-40.98
27640	-39.39
27660	-39.42
27680	-40.29
27700	-40.41
27720	-38.84
27740	-38.22
27760	-38.37
27780	-39.46
27800	-43.8
27820	-43.26
27840	-44.26
27860	-44.15
27880	-41.95
27900	-44.87
27920	-44.54
27940	-43.23
27960	-43.67
27980	-43.86
28000	-44.03
28020	-45
28040	-44.97
28060	-44
28080	-44.8
28100	-44.92
28120	-43.77
28140	-43.94
28160	-43.08
28180	-46.28
28200	-43.68
28220	-43.65
28240	-44.78
28260	-44.58
28280	-44.91
28300	-43.64
28320	-42.04
28340	-45.54
28360	-44.62
28380	-42.71
28400	-44.9
28420	-42.91
28440	-43.38
28460	-44.1
28480	-44.35
28500	-45.03
28520	-43.34
28540	-42.38
28560	-43.96
28580	-43.12
28600	-42.98
28620	-40.88
28640	-40.77
28660	-40.52
28680	-40.21
28700	-40.17
28720	-41.1
28740	-40.14
28760	-40.78
28780	-40.49
28800	-38.62
28820	-39.1
28840	-39.6
28860	-40.05
28880	-40.01
28900	-42.08
28920	-43.87
28940	-43.58
28960	-43.1
28980	-43.32
29000	-45.38
29020	-44.58
29040	-44
29060	-43.34
29080	-43.85
29100	-45.15
29120	-43.98
29140	-44.89
29160	-42.89
29180	-43.79
29200	-45.31
29220	-43.82
29240	-42.86
29260	-45.81
29280	-44.05
29300	-43.67
29320	-44.52
29340	-42.8
29360	-44.88
29380	-43.81
29400	-43.22
29420	-43.34
29440	-43.94
29460	-45.35
29480	-44.63
29500	-43.92
29520	-46.36
29540	-44.45
29560	-44.09
29580	-44.61
29600	-45.84
29620	-46.22
29640	-44.46
29660	-43.01
29680	-44.9
29700	-46.45
29720	-44.21
29740	-46.14
29760	-44.54
29780	-44.42
29800	-43.57
29820	-44.05
29840	-45.18
29860	-44.54
29880	-43.74
29900	-44.68
29920	-44.48
29940	-43.72
29960	-44.63
29980	-44.08
30000	-42.98
30020	-43.67
30040	-45.52
30060	-45.7
30080	-43.85
30100	-44.95
30120	-46.25
30140	-44.21
30160	-45.03
30180	-44.59
30200	-43.06
30220	-45.43
30240	-44.55
30260	-44.65
30280	-45.24
30300	-44.76
30320	-44.87
30340	-43.49
30360	-44.28
30380	-42.29
30400	-43.97
30420	-44.73
30440	-44.93
30460	-45.24
30480	-44.77
30500	-43.95
30520	-43.47
30540	-43.49
30560	-44.21
30580	-42.71
30600	-44.22
30620	-43.29
30640	-43.8
30660	-41.58
30680	-42.44
30700	-43.39
30720	-42.22
30740	-42.69
30760	-42.05
30780	-42.01
30800	-44.03
30820	-45.08
30840	-42.83
30860	-43.9
30880	-42.45
30900	-43.19
30920	-43.76
30940	-44.79
30960	-45.37
30980	-43.42
31000	-44.4
31020	-42.99
31040	-44.97
31060	-41.75
31080	-44.27
31100	-44.2
31120	-44.13
31140	-43.08
31160	-43.57
31180	-42.73
31200	-45.16
31220	-43.7
31240	-44.25
31260	-44.18
31280	-43.7
31300	-43.97
31320	-42.79
31340	-43.63
31360	-43.67
31380	-44.36
31400	-45.2
31420	-43.57
31440	-43.09
31460	-44.57
31480	-41.65
31500	-43.28
31520	-45.39
31540	-43.86
31560	-43.37
31580	-44.74
31600	-43.33
31620	-43.98
31640	-44.19
31660	-43.69
31680	-44.29
31700	-43.64
31720	-43.2
31740	-42.67
31760	-43.16
31780	-45.06
31800	-43.26
31820	-43.37
31840	-43.5
31860	-45.22
31880	-42.81
31900	-44.89
31920	-42.76
31940	-44.23
31960	-43.48
31980	-44.16
32000	-42.54
32020	-44.45
32040	-43.87
32060	-41.4
32080	-41.72
32100	-41.23
32120	-42.79
32140	-40.5
32160	-41.06
32180	-40.69
32200	-40.85
32220	-40.59
32240	-39.86
32260	-40.34
32280	-40.7
32300	-40.51
32320	-40.7
32340	-40.42
32360	-40.44
32380	-39.83
32400	-39.04
32420	-40.38
32440	-39.61
32460	-38.81
32480	-38.91
32500	-40.14
32520	-42.38
32540	-43.82
32560	-43.57
32580	-44.14
32600	-43.77
32620	-43.67
32640	-43.3
32660	-44.81
32680	-43.29
32700	-45.77
32720	-44.61
32740	-44.58
32760	-43.09
32780	-43.42
32800	-45.03
32820	-45.25
32840	-44.84
32860	-44.81
32880	-45.78
32900	-44.23
32920	-44.07
32940	-43.85
32960	-42.07
32980	-42.72
33000	-44.33
33020	-43.76
33040	-43.83
33060	-42.67
33080	-43.84
33100	-44.33
33120	-44.15
33140	-44.25
33160	-43.29
33180	-42.87
33200	-42.7
33220	-43.14
33240	-44.7
33260	-43.02
33280	-43.44
33300	-43.61
33320	-45.89
33340	-43.29
33360	-43.35
33380	-41.9
33400	-41.15
33420	-41.56
33440	-40.98
33460	-39.74
33480	-40.08
33500	-39.61
33520	-40.44
33540	-40.32
33560	-38.92
33580	-39.98
33600	-39.96
33620	-39.7
33640	-39.91
33660	-40.07
33680	-38.59
33700	-39.06
33720	-39.83
33740	-40.52
33760	-41.82
33780	-41.98
33800	-42.06
33820	-42.39
33840	-42.4
33860	-42.16
33880	-44.12
33900	-41.36
33920	-43.39
33940	-42.95
33960	-42.82
33980	-44.86
34000	-42.81
34020	-43.39
34040	-42.27
34060	-42.68
34080	-43.05
34100	-42.22
34120	-43.3
34140	-43.07
34160	-42.13
34180	-42.34
34200	-43.38
34220	-43.15
34240	-41.84
34260	-42.67
34280	-42.3
34300	-43.47
34320	-44.04
34340	-43.38
34360	-42.35
34380	-42.41
34400	-44.39
34420	-42.63
34440	-43.15
34460	-42.33
34480	-41.98
34500	-43.23
34520	-42.7
34540	-43.39
34560	-43.95
34580	-42.59
34600	-43.1
34620	-43.92
34640	-43.51
34660	-41.78
34680	-41.32
34700	-42.26
34720	-43.09
34740	-44.35
34760	-40.9
34780	-40.22
34800	-39.35
34820	-40.4
34840	-40.99
34860	-40.21
34880	-40.35
34900	-41.16
34920	-40.45
34940	-41.79
34960	-40.08
34980	-41.3
35000	-41.06
35020	-41.15
35040	-40.04
35060	-39.72
35080	-39.08
35100	-39.52
35120	-40.02
35140	-40.36
35160	-39.75
35180	-39.31
35200	-40.11
35220	-40.46
35240	-38.74
35260	-39.64
35280	-39.32
35300	-39.82
35320	-39.21
35340	-39.61
35360	-38.48
35380	-38.81
35400	-39.45
35420	-38.8
35440	-38.25
35460	-39.18
35480	-39.46
35500	-40.96
35520	-42.74
35540	-42.95
35560	-44.65
35580	-40.86
35600	-43.18
35620	-42.78
35640	-42.88
35660	-41.54
35680	-42.92
35700	-42.91
35720	-41.75
35740	-41.57
35760	-41.3
35780	-44.02
35800	-43.05
35820	-43.14
35840	-44.11
35860	-44.88
35880	-44.37
35900	-44.75
35920	-43.88
35940	-44.02
35960	-41.76
35980	-43.07
36000	-42.45
36020	-43.33
36040	-43.34
36060	-43.63
36080	-43.2
36100	-43.09
36120	-43.11
36140	-42.56
36160	-43.05
36180	-42.43
36200	-40.64
36220	-43.78
36240	-42.71
36260	-43.12
36280	-43.18
36300	-44.56
36320	-42.31
36340	-43.35
36360	-41.17
36380	-41.89
36400	-42.49
36420	-43.57
36440	-41.99
36460	-43.74
36480	-41.83
36500	-41.87
36520	-41.4
36540	-43.4
36560	-43
36580	-43.04
36600	-42.38
36620	-41.52
36640	-41.92
36660	-39.88
36680	-40.22
36700	-41.79
36720	-41.09
36740	-40.73
36760	-41.32
36780	-41.36
36800	-41.23
36820	-41.37
36840	-39.93
36860	-41.13
36880	-41.21
36900	-41.19
36920	-41.51
36940	-41.47
36960	-42.16
36980	-41.18
37000	-41.03
37020	-40.84
37040	-41.21
37060	-41.45
37080	-40.73
37100	-40.78
37120	-41.31
37140	-40.04
37160	-40.52
37180	-40.26
37200	-39.92
37220	-39.47
37240	-39.69
37260	-39.35
37280	-40.4
37300	-39.95
37320	-39.39
37340	-38.89
37360	-39.43
37380	-40.84
37400	-40.19
37420	-40.76
37440	-39.03
37460	-39.16
37480	-38.75
37500	-38.55
37520	-39.31
37540	-39.96
37560	-38.6
37580	-38.63
37600	-38.5
37620	-39.6
37640	-39.04
37660	-38.7
37680	-39.19
37700	-38.56
37720	-38.73
37740	-39.29
37760	-38.75
37780	-39.11
37800	-38.89
37820	-39.04
37840	-39.37
37860	-38.75
37880	-39.66
37900	-39.17
37920	-38.92
37940	-39.18
37960	-38.97
37980	-38.13
38000	-39.07
38020	-38.88
38040	-38.16
38060	-38.75
38080	-39.01
38100	-38.67
38120	-38.21
38140	-37.87
38160	-38.22
38180	-38.53
38200	-37.58
38220	-39.55
38240	-42.16
38260	-41.77
38280	-42.12
38300	-42.1
38320	-42.05
38340	-42.62
38360	-43.3
38380	-43.48
38400	-41.51
38420	-43.54
38440	-39.9
38460	-41.88
38480	-43.58
38500	-41.92
38520	-41.41
38540	-44.24
38560	-43
38580	-43.1
38600	-41.8
38620	-44.31
38640	-42.12
38660	-42.77
38680	-42.74
38700	-43.76
38720	-44.41
38740	-42.34
38760	-43.42
38780	-42.78
38800	-44.18
38820	-43.23
38840	-43.39
38860	-43.54
38880	-42.41
38900	-41.67
38920	-42.86
38940	-43.23
38960	-41.34
38980	-42.51
39000	-41.68
39020	-43.85
39040	-44.43
39060	-45.16
39080	-42.13
39100	-43.08
39120	-44.58
39140	-43.24
39160	-43.68
39180	-43.45
39200	-42.28
39220	-43
39240	-44.15
39260	-43.43
39280	-44.21
39300	-43.4
39320	-42.61
39340	-44.15
39360	-42.37
39380	-43.58
39400	-43.74
39420	-43.61
39440	-41.92
39460	-41.65
39480	-44.66
39500	-44.17
39520	-44.32
39540	-43.43
39560	-42.24
39580	-42.56
39600	-41.71
39620	-44.69
39640	-43.47
39660	-43.03
39680	-42.35
39700	-42.48
39720	-43.06
39740	-44.26
39760	-42.15
39780	-43.67
39800	-42.32
39820	-42.84
39840	-44.11
39860	-43.49
39880	-43.54
39900	-42.61
39920	-42.21
39940	-42.19
39960	-42.19
39980	-41.6
40000	-40.85
40020	-40.35
40040	-40.83
40060	-40.71
40080	-40.5
40100	-39.67
40120	-40.59
40140	-39.45
40160	-40.84
40180	-42.55
40200	-43.72
40220	-42.58
40240	-42.09
40260	-42.53
40280	-42.07
40300	-42.49
40320	-42.12
40340	-41.98
40360	-42.4
40380	-42.41
40400	-41.76
40420	-42.37
40440	-42.28
40460	-43
40480	-42.07
40500	-42.32
40520	-41.79
40540	-41.92
40560	-42.41
40580	-43.4
40600	-43
40620	-42.58
40640	-45.42
40660	-42.57
40680	-42.49
40700	-42.86
40720	-44.29
40740	-42.54
40760	-44.53
40780	-43.86
40800	-43.19
40820	-41.04
40840	-42.59
40860	-41.46
40880	-42.63
40900	-41.98
40920	-42.35
40940	-41.3
40960	-42.16
40980	-40.41
41000	-41.18
41020	-40.8
41040	-39.59
41060	-39.83
41080	-40.35
41100	-39.6
41120	-39.22
41140	-40.36
41160	-39.7
41180	-41.25
41200	-39.25
41220	-39.36
41240	-40.13
41260	-39.84
41280	-39.94
41300	-38.34
41320	-39.47
41340	-39.41
41360	-39.97
41380	-38.94
41400	-38.82
41420	-38.56
41440	-38.36
41460	-39.79
41480	-41.75
41500	-43.22
41520	-42.27
41540	-41.32
41560	-43.49
41580	-42.76
41600	-42.71
41620	-41.75
41640	-42.31
41660	-41.7
41680	-43.61
41700	-42.91
41720	-41.92
41740	-41.67
41760	-43.75
41780	-43.27
41800	-43.6
41820	-42.85
41840	-42.23
41860	-41.83
41880	-42.57
41900	-43.06
41920	-43.66
41940	-42.47
41960	-42.06
41980	-42.84
42000	-43.2
42020	-43.92
42040	-42.03
42060	-42.11
42080	-43.49
42100	-42.25
42120	-42.64
42140	-41.52
42160	-41.73
42180	-42.12
42200	-42.27
42220	-42.17
42240	-42.03
42260	-41.73
42280	-42.66
42300	-40.57
42320	-39.58
42340	-41.5
42360	-40.62
42380	-41.26
42400	-40.76
42420	-40.78
42440	-40.31
42460	-41.63
42480	-41.73
42500	-41.87
42520	-41.14
42540	-40.6
42560	-41.03
42580	-41.65
42600	-40.93
42620	-39.99
42640	-40.38
42660	-41
42680	-40.64
42700	-39.68
42720	-39.29
42740	-40.39
42760	-39.4
42780	-39.66
42800	-40.2
42820	-39.53
42840	-39.43
42860	-39.54
42880	-39.47
42900	-39.83
42920	-38.67
42940	-38.99
42960	-39.05
42980	-39.63
43000	-39.36
43020	-38.48
43040	-38.04
43060	-38.64
43080	-38.72
43100	-38.06
43120	-38.81
43140	-39.55
43160	-38.85
43180	-39.52
43200	-39.76
43220	-40.75
43240	-39.45
43260	-38.95
43280	-39.66
43300	-39.32
43320	-38.45
43340	-39.91
43360	-41.07
43380	-42.46
43400	-41.46
43420	-41.48
43440	-42.01
43460	-42.98
43480	-43.81
43500	-42.61
43520	-43.85
43540	-42.36
43560	-43.59
43580	-43.73
43600	-44.04
43620	-44.15
43640	-43.39
43660	-43.19
43680	-42.07
43700	-42.91
43720	-41.53
43740	-42.23
43760	-42.84
43780	-41.82
43800	-42.67
43820	-41.52
43840	-42.94
43860	-40.43
43880	-42.67
43900	-42.07
43920	-42.98
43940	-43.96
43960	-42.26
43980	-44.78
44000	-41.3
44020	-41.83
44040	-42.68
44060	-41.94
44080	-43.58
44100	-43.12
44120	-42.69
44140	-43.81
44160	-43.65
44180	-43.57
44200	-41.84
44220	-41.67
44240	-43.41
44260	-43.1
44280	-44.04
44300	-41.5
44320	-41.98
44340	-41.75
44360	-41.75
44380	-41.15
44400	-39.87
44420	-39.43
44440	-40.91
44460	-39.81
44480	-40.27
44500	-39.29
44520	-40.54
44540	-41.07
44560	-40.45
44580	-41.51
44600	-42.56
44620	-41.59
44640	-41.77
44660	-41.4
44680	-42.16
44700	-40.59
44720	-40.24
44740	-40.66
44760	-41.38
44780	-40.17
44800	-41.68
44820	-41.54
44840	-40.86
44860	-40.57
44880	-42.54
44900	-41.99
44920	-41.29
44940	-41.13
44960	-41.5
44980	-40.01
45000	-41.01
45020	-39.76
45040	-41.47
45060	-40.78
45080	-40.93
45100	-40.89
45120	-40.74
45140	-39.95
45160	-41.65
45180	-41.05
45200	-40.35
45220	-39.91
45240	-40.36
45260	-40.21
45280	-41.72
45300	-39.81
45320	-41.26
45340	-41.38
45360	-40.48
45380	-41.17
45400	-40.53
45420	-40.48
45440	-40.39
45460	-39.13
45480	-39.65
45500	-39.44
45520	-40.56
45540	-40
45560	-40.06
45580	-40.54
45600	-39.23
45620	-39.24
45640	-39.16
45660	-40.16
45680	-39.21
45700	-38.93
45720	-39.77
45740	-39.69
45760	-39.27
45780	-39.96
45800	-38.8
45820	-39.41
45840	-40.46
45860	-39.18
45880	-39.71
45900	-38.89
45920	-39.47
45940	-39.06
45960	-39.56
45980	-40.41
46000	-39
46020	-39.4
46040	-38.7
46060	-38.03
46080	-38.41
46100	-38.82
46120	-39.36
46140	-39.35
46160	-39
46180	-38.62
46200	-39.1
46220	-38.86
46240	-38.63
46260	-38.73
46280	-38.93
46300	-38.85
46320	-38.91
46340	-39.54
46360	-38.48
46380	-39.21
46400	-38.55
46420	-39.36
46440	-39.08
46460	-38.64
46480	-38
46500	-37.42
46520	-38.29
46540	-38.56
46560	-38.55
46580	-39
46600	-39.41
46620	-38.63
46640	-37.78
46660	-37.45
46680	-38.35
46700	-38.25
46720	-37.61
46740	-37.73
46760	-38.23
46780	-38.45
46800	-37.22
46820	-37.28
46840	-37.07
46860	-41.04
46880	-40.54
46900	-43.6
46920	-41.07
46940	-42.62
46960	-41.63
46980	-43.03
47000	-42.48
47020	-42.85
47040	-43.34
47060	-42.85
47080	-43.12
47100	-42.53
47120	-41.24
47140	-41.88
47160	-42.84
47180	-44.25
47200	-42.85
47220	-41.65
47240	-42.6
47260	-43.73
47280	-42.86
47300	-43.24
47320	-41.82
47340	-41.91
47360	-41.68
47380	-42.28
47400	-42.52
47420	-43.13
47440	-44.59
47460	-42.1
47480	-44.59
47500	-43.9
47520	-43.66
47540	-43.77
47560	-41.16
47580	-42.81
47600	-41.37
47620	-42.4
47640	-41.32
47660	-42.12
47680	-42.85
47700	-43.37
47720	-42.44
47740	-43.5
47760	-44.61
47780	-43.94
47800	-42.96
47820	-43.73
47840	-43.17
47860	-40.51
47880	-42.2
47900	-42.63
47920	-43.42
47940	-43.93
47960	-41.88
47980	-43.61
48000	-42.33
48020	-44.1
48040	-41.83
48060	-42.48
48080	-43.66
48100	-43.4
48120	-43.28
48140	-44.49
48160	-45.08
48180	-43.8
48200	-43.7
48220	-43
48240	-42.88
48260	-44.33
48280	-43.59
48300	-42.82
48320	-43.32
48340	-42.88
48360	-41.42
48380	-42.35
48400	-42.56
48420	-42.98
48440	-41.44
48460	-42.99
48480	-41.38
48500	-41.65
48520	-41.18
48540	-40.5
48560	-40.57
48580	-40.88
48600	-41.71
48620	-41.52
48640	-41.44
48660	-41.1
48680	-40.4
48700	-42.06
48720	-41.19
48740	-40.41
48760	-40.56
48780	-41.63
48800	-40.68
48820	-41.45
48840	-40.99
48860	-39.56
48880	-39.9
48900	-40.05
48920	-39.93
48940	-39.58
48960	-39.06
48980	-39.74
49000	-39.67
49020	-39.21
49040	-40.25
49060	-40.32
49080	-41.91
49100	-41.96
49120	-42.22
49140	-40.68
49160	-39.58
49180	-39.97
49200	-39.16
49220	-39.01
49240	-39.39
49260	-38.39
49280	-40.42
49300	-41.2
49320	-41.88
49340	-41
49360	-42.38
49380	-41.96
49400	-42.46
49420	-42.67
49440	-41.75
49460	-42
49480	-41.54
49500	-41.13
49520	-41.51
49540	-41.24
49560	-40.71
49580	-41.8
49600	-41.1
49620	-40.94
49640	-39.9
49660	-40.73
49680	-39.94
49700	-40.8
49720	-40.3
49740	-40.08
49760	-40.6
49780	-40.9
49800	-40.05
49820	-40.84
49840	-40.52
49860	-40.33
49880	-40.27
49900	-41.32
49920	-40.9
49940	-41.15
49960	-40.42
49980	-41.12
50000	-40.84
50020	-39.78
50040	-39.06
50060	-41.16
50080	-39.61
50100	-40.69
50120	-41.09
50140	-41.46
50160	-39.93
50180	-40.6
50200	-40.77
50220	-40.38
50240	-40.18
50260	-40.18
50280	-41.18
50300	-41.45
50320	-39.98
50340	-41.4
50360	-40.94
50380	-40.18
50400	-40.24
50420	-40.41
50440	-40.66
50460	-40.22
50480	-41.38
50500	-39.89
50520	-38.8
50540	-40.64
50560	-40.39
50580	-40.66
50600	-41.11
50620	-40.34
50640	-40.5
50660	-39.92
50680	-39.22
50700	-40.87
50720	-40.21
50740	-40.24
50760	-40.72
50780	-39.98
50800	-40.69
50820	-40.2
50840	-41.12
50860	-40.64
50880	-39.87
50900	-40.33
50920	-39.71
50940	-40.39
50960	-41.84
50980	-40.59
51000	-39.69
51020	-41.01
51040	-39.97
51060	-39.86
51080	-40.24
51100	-40.05
51120	-41.28
51140	-40.89
51160	-40.19
51180	-41.31
51200	-40
51220	-39.83
51240	-41.12
51260	-40.33
51280	-41.07
51300	-41.28
51320	-40.56
51340	-39.86
51360	-39.4
51380	-40.77
51400	-39.71
51420	-40.23
51440	-39.8
51460	-39.91
51480	-40.25
51500	-40.85
51520	-41.89
51540	-40.5
51560	-40.6
51580	-41.42
51600	-41.75
51620	-40.31
51640	-41.8
51660	-40.17
51680	-39.46
51700	-38.9
51720	-39.03
51740	-38.98
51760	-39.41
51780	-39.35
51800	-39.49
51820	-40.2
51840	-40.38
51860	-39.46
51880	-39.78
51900	-39.69
51920	-39.96
51940	-38.57
51960	-39.44
51980	-39.31
52000	-39.09
52020	-39.41
52040	-39.58
52060	-39.81
52080	-39.88
52100	-39.48
52120	-39.03
52140	-38.81
52160	-39.4
52180	-39.3
52200	-38.88
52220	-38.29
52240	-39.02
52260	-38.63
52280	-39.77
52300	-39.01
52320	-39.96
52340	-39.06
52360	-39.5
52380	-39.94
52400	-40.07
52420	-38.89
52440	-39.69
52460	-39.18
52480	-38.79
52500	-38.2
52520	-39.45
52540	-39.89
52560	-39.45
52580	-38.68
52600	-38.84
52620	-39.89
52640	-40.09
52660	-39.56
52680	-39.45
52700	-39.4
52720	-39.73
52740	-39.35
52760	-39.86
52780	-39.43
52800	-38.42
52820	-39.62
52840	-39.1
52860	-39.32
52880	-38.94
52900	-39.71
52920	-39.35
52940	-39.4
52960	-39.33
52980	-39.11
53000	-39.39
53020	-38.21
53040	-39.11
53060	-38.83
53080	-39.6
53100	-39.58
53120	-39.3
53140	-39.44
53160	-38.53
53180	-40.58
53200	-39.04
53220	-38.49
53240	-38.28
53260	-38.59
53280	-38.72
53300	-38.82
53320	-39.64
53340	-39.77
53360	-37.88
53380	-38.22
53400	-39.59
53420	-39.4
53440	-38.67
53460	-38.86
53480	-39.25
53500	-38.16
53520	-39.24
53540	-38.72
53560	-39.14
53580	-38.35
53600	-38.86
53620	-38.06
53640	-37.96
53660	-39.63
53680	-38.76
53700	-39.8
53720	-39.12
53740	-39.02
53760	-39.72
53780	-38.37
53800	-38.3
53820	-38.88
53840	-38.25
53860	-38.29
53880	-37.71
53900	-37.51
53920	-38.19
53940	-38.78
53960	-38.85
53980	-41.23
54000	-41.31
54020	-41.63
54040	-39.3
54060	-38.65
54080	-38.43
54100	-38.94
54120	-38.63
54140	-39.12
54160	-39.16
54180	-39.61
54200	-37.76
54220	-39.94
54240	-43.59
54260	-41.93
54280	-42.59
54300	-42.82
54320	-43.08
54340	-41.81
54360	-42.99
54380	-42.11
54400	-42.96
54420	-42.65
54440	-43.31
54460	-41.74
54480	-43.71
54500	-43.64
54520	-42.42
54540	-42.61
54560	-43.23
54580	-42.69
54600	-42
54620	-42.15
54640	-43.16
54660	-42.64
54680	-41.7
54700	-42.69
54720	-42.3
54740	-43.03
54760	-42.69
54780	-40.8
54800	-41.04
54820	-43.39
54840	-40.94
54860	-42.63
54880	-41.02
54900	-41.13
54920	-39.07
54940	-37.64
54960	-37.08
54980	-38.86
55000	-40.23
55020	-43.11
55040	-42.3
55060	-43.03
55080	-42.81
55100	-42.46
55120	-44.05
55140	-41.11
55160	-41.89
55180	-43.56
55200	-42.14
55220	-42.71
55240	-43.56
55260	-42.03
55280	-43.96
55300	-43.46
55320	-42.57
55340	-40.96
55360	-41.54
55380	-41.31
55400	-41.28
55420	-42.1
55440	-39.71
55460	-37.83
55480	-39.34
55500	-39.2
55520	-39.55
55540	-38.67
55560	-39.96
55580	-38.98
55600	-40
55620	-39.58
55640	-39.48
55660	-39.37
55680	-39.31
55700	-38.21
55720	-39.07
55740	-38.97
55760	-39.77
55780	-39.87
55800	-41.11
55820	-41.96
55840	-44.06
55860	-44
55880	-40.61
55900	-43.12
55920	-43.54
55940	-43.58
55960	-42.5
55980	-42.05
56000	-44.22
56020	-42.32
56040	-42.24
56060	-42.98
56080	-43.18
56100	-42.26
56120	-41.88
56140	-41.45
56160	-41.98
56180	-43.06
56200	-43.26
56220	-42.31
56240	-41.85
56260	-41.01
56280	-43.51
56300	-42.83
56320	-41.92
56340	-41.71
56360	-42.35
56380	-43.53
56400	-41.82
56420	-41.57
56440	-42.11
56460	-42.31
56480	-41.26
56500	-41.05
56520	-41.37
56540	-40.79
56560	-41.49
56580	-41.26
56600	-41.04
56620	-40.62
56640	-40.26
56660	-40.54
56680	-40.83
56700	-39.77
56720	-39.54
56740	-40.32
56760	-39.99
56780	-40.23
56800	-40.48
56820	-39.28
56840	-40.36
56860	-41.04
56880	-41.44
56900	-40.03
56920	-40.16
56940	-40.1
56960	-40.58
56980	-41.01
57000	-40.63
57020	-39.37
57040	-40.95
57060	-41.48
57080	-41.67
57100	-40.14
57120	-40.83
57140	-40.46
57160	-40.8
57180	-40.67
57200	-39.53
57220	-40.79
57240	-40.53
57260	-40.43
57280	-40.64
57300	-40.69
57320	-39.97
57340	-39.92
57360	-39.3
57380	-39.72
57400	-39.73
57420	-40.48
57440	-39.38
57460	-39.61
57480	-39.24
57500	-40.63
57520	-39.16
57540	-39.04
57560	-39.48
57580	-40.01
57600	-38.17
57620	-39.17
57640	-39.66
57660	-38.46
57680	-40.59
57700	-39.21
57720	-39.59
57740	-39.53
57760	-39.08
57780	-38.8
57800	-38.59
57820	-38.76
57840	-38.88
57860	-38.81
57880	-38.26
57900	-39.6
57920	-39.97
57940	-40.21
57960	-40.01
57980	-40.02
58000	-38.17
58020	-38.26
58040	-38.92
58060	-42.24
58080	-42.1
58100	-41.46
58120	-42.91
58140	-41.18
58160	-42.57
58180	-40.52
58200	-38.39
58220	-38.96
58240	-37.84
58260	-38.71
58280	-42.03
58300	-41.86
58320	-41
58340	-43.11
58360	-42.13
58380	-43.1
58400	-41.94
58420	-43.46
58440	-41.94
58460	-41.94
58480	-42.29
58500	-43.36
58520	-42.02
58540	-42.57
58560	-41.92
58580	-40.69
58600	-40.96
58620	-40.94
58640	-39.03
58660	-39.39
58680	-38.98
58700	-39.94
58720	-38.21
58740	-39.35
58760	-39.84
58780	-40.37
58800	-41.51
58820	-40.6
58840	-40.52
58860	-40.33
58880	-38.86
58900	-39.38
58920	-38.44
58940	-38.65
58960	-38.42
58980	-37.91
59000	-38.37
59020	-38.16
59040	-37.59
59060	-37.81
59080	-40.86
59100	-42.17
59120	-42.71
59140	-41.93
59160	-44.18
59180	-41.74
59200	-42.64
59220	-43.14
59240	-44.35
59260	-42.76
59280	-41.3
59300	-42.48
59320	-40.53
59340	-37.6
59360	-38.46
59380	-37.7
59400	-37.7
59420	-38.16
59440	-39.78
59460	-42.31
59480	-41.86
59500	-41.75
59520	-42.8
59540	-44.27
59560	-44.2
59580	-42.53
59600	-43.73
59620	-43.68
59640	-42.81
59660	-43.24
59680	-42.71
59700	-42.9
59720	-42.13
59740	-41.62
59760	-41.98
59780	-43.74
59800	-42.79
59820	-44.04
59840	-44.15
59860	-43.67
59880	-42.12
59900	-43.86
59920	-42.74
59940	-41.56
59960	-42.86
59980	-43.55
60000	-43.35
60020	-42.36
60040	-43.81
60060	-42.52
60080	-43.23
60100	-43.6
60120	-43.42
60140	-43.61
60160	-42.5
60180	-43.28
60200	-44.01
60220	-42.91
60240	-43.18
60260	-42.08
60280	-42.87
60300	-42.45
60320	-42.5
60340	-44.03
60360	-42.58
60380	-42.19
60400	-44.34
60420	-43.81
60440	-42.01
60460	-44.39
60480	-42.62
60500	-43.05
60520	-42.96
60540	-42.66
60560	-42.62
60580	-43.13
60600	-43.44
60620	-43.35
60640	-43.57
60660	-42.04
60680	-43.91
60700	-42.47
60720	-43.5
60740	-43.36
60760	-43.87
60780	-43.69
60800	-42.48
60820	-45.07
60840	-43.15
60860	-43.61
60880	-44.11
60900	-43.55
60920	-43.86
60940	-42.21
60960	-43.11
60980	-44.38
61000	-44.03
61020	-43.75
61040	-46.04
61060	-42.16
61080	-42.66
61100	-44.72
61120	-43.78
61140	-45.16
61160	-43.05
61180	-42.81
61200	-43.81
61220	-43.14
61240	-44.38
61260	-42.65
61280	-44.18
61300	-43.99
61320	-43.72
61340	-43.32
61360	-43.94
61380	-41.66
61400	-41.84
61420	-42.98
61440	-44.34
61460	-43.52
61480	-42.61
61500	-43.58
61520	-45.01
61540	-44.83
61560	-44.97
61580	-45.36
61600	-44.39
61620	-44.31
61640	-42.81
61660	-43.34
61680	-43.64
61700	-43.09
61720	-42.88
61740	-43.1
61760	-42.76
61780	-43.55
61800	-45.73
61820	-43.84
61840	-44.71
61860	-44.7
61880	-44.37
61900	-42.97
61920	-42.87
61940	-43.52
61960	-44.57
61980	-43.09
62000	-43.34
62020	-44.66
62040	-46.37
62060	-43.76
62080	-44.03
62100	-45.05
62120	-44.4
62140	-43.73
62160	-43.89
62180	-42.44
62200	-42.85
62220	-45.17
62240	-44.94
62260	-44.9
62280	-43.28
62300	-43.86
62320	-44.36
62340	-44.37
62360	-44.04
62380	-43.19
62400	-44.08
62420	-44.23
62440	-44.24
62460	-46.45
62480	-44.03
62500	-44.88
62520	-43.93
62540	-44.55
62560	-45.46
62580	-44.02
62600	-44.41
62620	-44.3
62640	-44.44
62660	-42.6
62680	-43.38
62700	-45.65
62720	-46.18
62740	-45.23
62760	-45.09
62780	-43.72
62800	-44.31
62820	-43.01
62840	-43.13
62860	-43.71
62880	-44.71
62900	-45.91
62920	-44.19
62940	-44.15
62960	-44.3
62980	-43.92
63000	-43.6
63020	-43.3
63040	-44.08
63060	-44.36
63080	-45.1
63100	-45.34
63120	-44.26
63140	-44.52
63160	-43.88
63180	-44.13
63200	-45.16
63220	-44.28
63240	-44.68
63260	-42.29
63280	-44.89
63300	-43.5
63320	-43.38
63340	-44.3
63360	-42.19
63380	-42.92
63400	-42.83
63420	-43.21
63440	-43.27
63460	-43.33
63480	-43.02
63500	-44.52
63520	-43.63
63540	-43.66
63560	-43.45
63580	-42.44
63600	-43.15
63620	-43.46
63640	-43.05
63660	-43.13
63680	-43.05
63700	-44.13
63720	-43.58
63740	-44.87
63760	-44.06
63780	-44.61
63800	-43.1
63820	-43.53
63840	-43.92
63860	-43.17
63880	-40.96
63900	-39.41
63920	-39.51
63940	-40.64
63960	-40.07
63980	-39.84
64000	-39.8
64020	-40.12
64040	-40.01
64060	-38.51
64080	-39.94
64100	-40.85
64120	-42.25
64140	-41.54
64160	-43.4
64180	-42.75
64200	-42.63
64220	-45.4
64240	-44.2
64260	-43.96
64280	-42.82
64300	-42.43
64320	-42.52
64340	-45.42
64360	-43.27
64380	-43.93
64400	-44.17
64420	-43.99
64440	-43.2
64460	-44.02
64480	-45.77
64500	-44.96
64520	-44.8
64540	-45.83
64560	-44.81
64580	-44.14
64600	-44.79
64620	-45.25
64640	-42.89
64660	-43.63
64680	-46.27
64700	-44.68
64720	-43.82
64740	-44.65
64760	-43.12
64780	-42.11
64800	-42.9
64820	-44.6
64840	-44.01
64860	-43.56
64880	-44.73
64900	-43.63
64920	-43.57
64940	-43.21
64960	-45.01
64980	-42.24
65000	-42.41
65020	-43
65040	-44.83
65060	-43.7
65080	-43.72
65100	-44.44
65120	-43.24
65140	-43.46
65160	-43.78
65180	-42.53
65200	-42.41
65220	-43.94
65240	-43.11
65260	-42.81
65280	-41.96
65300	-44.35
65320	-45.52
65340	-43.9
65360	-45.06
65380	-44.17
65400	-44.19
65420	-44.9
65440	-44.14
65460	-43.24
65480	-44.67
65500	-44.42
65520	-43.76
65540	-45.53
65560	-43.54
65580	-45.14
65600	-44.3
65620	-44.04
65640	-42.37
65660	-44.01
65680	-43.31
65700	-45.01
65720	-42.98
65740	-44.93
65760	-44.37
65780	-43.41
65800	-44.81
65820	-45.62
65840	-44.24
65860	-46.07
65880	-44.42
65900	-43.87
65920	-44.79
65940	-44.88
65960	-43.9
65980	-43.38
66000	-45.1
66020	-44.3
66040	-43.43
66060	-45
66080	-43.49
66100	-43.15
66120	-45.55
66140	-43.27
66160	-42.45
66180	-44.37
66200	-44.47
66220	-42.07
66240	-42.56
66260	-43.63
66280	-44.92
66300	-44.28
66320	-44.84
66340	-42.88
66360	-44.08
66380	-42.93
66400	-43.06
66420	-44.84
66440	-43.73
66460	-45.35
66480	-45.29
66500	-43.91
66520	-44.87
66540	-44.35
66560	-42.38
66580	-43.39
66600	-44.68
66620	-45.05
66640	-44.58
66660	-44.26
66680	-42.1
66700	-42.46
66720	-43.61
66740	-42.22
66760	-43.58
66780	-44.28
66800	-43.27
66820	-44.16
66840	-45.04
66860	-42.92
66880	-43.57
66900	-43.76
66920	-42.34
66940	-42.84
66960	-43.19
66980	-44.33
67000	-44.33
67020	-44.12
67040	-44.85
67060	-44.72
67080	-43.86
67100	-42.13
67120	-42.07
67140	-43.8
67160	-44.01
67180	-45.34
67200	-44.94
67220	-44.79
67240	-44.77
67260	-43.85
67280	-43.57
67300	-43.07
67320	-43.53
67340	-42.73
67360	-42.18
67380	-42.44
67400	-44.22
67420	-40.46
67440	-42.05
67460	-43.25
67480	-43.47
67500	-42.49
67520	-42.93
67540	-42.57
67560	-43.53
67580	-44.55
67600	-44.85
67620	-45.08
67640	-43.01
67660	-43.12
67680	-45.36
67700	-45.24
67720	-43.86
67740	-44.7
67760	-43.94
67780	-43.24
67800	-43.27
67820	-43.43
67840	-44.67
67860	-44.44
67880	-45.06
67900	-44.08
67920	-42.37
67940	-44.32
67960	-44.66
67980	-42.63
68000	-43.73
68020	-44.95
68040	-43.44
68060	-46.05
68080	-43.62
68100	-44.35
68120	-43.08
68140	-43
68160	-43.42
68180	-45.68
68200	-45
68220	-43.34
68240	-45.15
68260	-43.32
68280	-41.98
68300	-42.89
68320	-43.93
68340	-44.8
68360	-42.76
68380	-43.31
68400	-43.93
68420	-43.34
68440	-44.5
68460	-45.32
68480	-44.12
68500	-45.05
68520	-44.02
68540	-45.3
68560	-44.26
68580	-42.67
68600	-43.74
68620	-43.93
68640	-42.76
68660	-43.54
68680	-43.23
68700	-43.93
68720	-43.71
68740	-43.89
68760	-43.13
68780	-44.9
68800	-44.39
68820	-44.42
68840	-43.03
68860	-42.4
68880	-43.28
68900	-44.69
68920	-44.57
68940	-42.83
68960	-43.48
68980	-44.36
69000	-41.5
69020	-41.69
69040	-44.46
69060	-41.97
69080	-43.74
69100	-44.3
69120	-43.68
69140	-44.41
69160	-43.05
69180	-43.46
69200	-44.42
69220	-44.68
69240	-45.39
69260	-44.21
69280	-43.9
69300	-43.58
69320	-43.85
69340	-43.21
69360	-43.37
69380	-42.59
69400	-43.52
69420	-42.05
69440	-41.72
69460	-40.34
69480	-40.98
69500	-39.98
69520	-40.01
69540	-40.05
69560	-38.52
69580	-39.34
69600	-39.2
69620	-40.93
69640	-42.73
69660	-43.76
69680	-45.09
69700	-44.29
69720	-44.73
69740	-44.77
69760	-44.29
69780	-42.69
69800	-44.42
69820	-44.87
69840	-45.16
69860	-44.04
69880	-44.19
69900	-44.36
69920	-43.85
69940	-44.09
69960	-42.91
69980	-43.22
70000	-43.47
70020	-45.11
70040	-44.33
70060	-44.09
70080	-44.35
70100	-42.49
70120	-42.64
70140	-43.53
70160	-42.25
70180	-42.59
70200	-43.82
70220	-42.5
70240	-44.18
70260	-44.29
70280	-43.25
70300	-43.23
70320	-42.62
70340	-44.06
70360	-43.38
70380	-43.98
70400	-41.54
70420	-42.09
70440	-43.55
70460	-41.3
70480	-41.77
70500	-41.75
70520	-42.39
70540	-42.2
70560	-42.07
70580	-42.22
70600	-42.24
70620	-41.53
70640	-41.63
70660	-41.63
70680	-41.5
70700	-42.35
70720	-43.2
70740	-42.09
70760	-40.87
70780	-41.83
70800	-41.39
70820	-42.81
70840	-41.38
70860	-40.75
70880	-40.59
70900	-40.22
70920	-40.49
70940	-40.8
70960	-40.72
70980	-40.11
71000	-40.34
71020	-39.17
71040	-40.71
71060	-39.64
71080	-40.07
71100	-40.23
71120	-41.1
71140	-40.39
71160	-41.65
71180	-40.56
71200	-39.63
71220	-39.24
71240	-40.01
71260	-39.89
71280	-39
71300	-39.85
71320	-39.3
71340	-40.28
71360	-39.28
71380	-39.72
71400	-40.23
71420	-39.9
71440	-39.9
71460	-40.07
71480	-38.91
71500	-39.34
71520	-39.48
71540	-39.55
71560	-39.32
71580	-39.23
71600	-39.51
71620	-40.12
71640	-38.87
71660	-40.1
71680	-38.9
71700	-39.03
71720	-38.62
71740	-39.27
71760	-39.06
71780	-39.22
71800	-39.03
71820	-38.23
71840	-39.25
71860	-38.2
71880	-38.27
71900	-38.73
71920	-38.33
71940	-38.44
71960	-38.39
71980	-38.1
72000	-38.62
72020	-37.74
72040	-38.87
72060	-37.94
72080	-37.86
72100	-37.76
72120	-37.47
72140	-37.13
72160	-38.41
72180	-38.3
72200	-37.77
72220	-37.26
72240	-37.81
72260	-38.12
72280	-37.55
72300	-38.47
72320	-39.57
72340	-41.29
72360	-43.8
72380	-43.21
72400	-44.46
72420	-43.95
72440	-44.96
72460	-44.11
72480	-44.07
72500	-43.04
72520	-45.37
72540	-43.47
72560	-43.41
72580	-43.92
72600	-45.59
72620	-45.56
72640	-44.39
72660	-44.42
72680	-46
72700	-44.91
72720	-45.28
72740	-43.85
72760	-46.33
72780	-44.78
72800	-44.14
72820	-44.17
72840	-45.63
72860	-44.26
72880	-46
72900	-44.7
72920	-43.69
72940	-44.07
72960	-45
72980	-44.9
73000	-43.41
73020	-45.43
73040	-45.31
73060	-45.12
73080	-44.52
73100	-45.59
73120	-44.95
73140	-44.28
73160	-43.28
73180	-43.48
73200	-44.5
73220	-44.81
73240	-45.44
73260	-44.85
73280	-44.92
73300	-44.78
73320	-43.69
73340	-44.43
73360	-45.11
73380	-46.28
73400	-45.65
73420	-46
73440	-43.69
73460	-44.27
73480	-44.76
73500	-45.06
73520	-45.2
73540	-45.24
73560	-44.45
73580	-45.05
73600	-44.4
73620	-43.2
73640	-44.57
73660	-44.97
73680	-44.2
73700	-44.44
73720	-44.32
73740	-44.89
73760	-46.31
73780	-44.8
73800	-44.42
73820	-44.04
73840	-45.15
73860	-43.95
73880	-43.73
73900	-43.74
73920	-44.65
73940	-44.43
73960	-43.29
73980	-44.34
74000	-44.74
74020	-45.42
74040	-44.49
74060	-43.68
74080	-43.13
74100	-42.63
74120	-42.51
74140	-42.72
74160	-41.97
74180	-42.91
74200	-41.27
74220	-41.53
74240	-40.68
74260	-40.36
74280	-39.47
74300	-39.53
74320	-39.17
74340	-40.56
74360	-40.75
74380	-40.83
74400	-41.27
74420	-41.76
74440	-41.4
74460	-40.44
74480	-39.91
74500	-40.77
74520	-40.98
74540	-40.56
74560	-40.49
74580	-40.36
74600	-40.02
74620	-39.7
74640	-40.06
74660	-39.87
74680	-40.28
74700	-39.72
74720	-39.54
74740	-39.75
74760	-40.05
74780	-38.73
74800	-40.09
74820	-38.71
74840	-39.2
74860	-39.67
74880	-39.29
74900	-39.08
74920	-40.25
74940	-39.7
74960	-39.26
74980	-39.93
75000	-39.13
75020	-39.5
75040	-38.78
75060	-39.45
75080	-39.79
75100	-39.53
75120	-39.14
75140	-39.04
75160	-40
75180	-39.01
75200	-38.99
75220	-39.65
75240	-39.13
75260	-38.64
75280	-39.58
75300	-39.11
75320	-39.31
75340	-39.56
75360	-38.36
75380	-39.99
75400	-39.88
75420	-38.98
75440	-39.46
75460	-39.09
75480	-39.28
75500	-39.19
75520	-39.1
75540	-38.72
75560	-38.87
75580	-39.93
75600	-37.96
75620	-37.75
75640	-38.48
75660	-39.08
75680	-38.46
75700	-38.83
75720	-38.83
75740	-38.45
75760	-38.94
75780	-38.61
75800	-39.07
75820	-38.65
75840	-38.45
75860	-37.7
75880	-38.84
75900	-37.71
75920	-37.95
75940	-38.55
75960	-38.06
75980	-38.56
76000	-38.34
76020	-38.44
76040	-37.9
76060	-38.26
76080	-37.92
76100	-37.98
76120	-37.63
76140	-38.59
76160	-37.59
76180	-37.79
76200	-37.8
76220	-37.27
76240	-36.95
76260	-37.62
76280	-38.03
76300	-37.22
76320	-37.9
76340	-37.13
76360	-36.56
76380	-36.55
76400	-36.88
76420	-37.99
76440	-37.6
76460	-41.68
76480	-41.74
76500	-41.81
76520	-42.56
76540	-43.73
76560	-43.04
76580	-42.53
76600	-42.63
76620	-42.12
76640	-42.22
76660	-42.33
76680	-42.68
76700	-42.24
76720	-43.13
76740	-41.71
76760	-42.49
76780	-42.73
76800	-44.56
76820	-42.68
76840	-42.96
76860	-44.03
76880	-42.32
76900	-41.36
76920	-42.85
76940	-42.83
76960	-44.22
76980	-42.58
77000	-43.39
77020	-41.98
77040	-42.21
77060	-42.36
77080	-42.03
77100	-42.65
77120	-43.22
77140	-42.37
77160	-43.52
77180	-43.33
77200	-42.5
77220	-43.3
77240	-42.98
77260	-42.06
77280	-42.85
77300	-41.71
77320	-42.45
77340	-42.56
77360	-44.57
77380	-43.24
77400	-43.02
77420	-43.2
77440	-42.68
77460	-44.61
77480	-42.91
77500	-42.67
77520	-43.8
77540	-42.44
77560	-42.37
77580	-42.37
77600	-41.97
77620	-43.12
77640	-42.59
77660	-42.92
77680	-42.48
77700	-42.35
77720	-42.69
77740	-41.7
77760	-42
77780	-41.07
77800	-40.76
77820	-41.25
77840	-41.83
77860	-39.79
77880	-39.54
77900	-39.02
77920	-39.22
77940	-38.83
77960	-39.64
77980	-38.59
78000	-39.54
78020	-38.94
78040	-38.64
78060	-39.69
78080	-39.98
78100	-40.26
78120	-40.4
78140	-40.26
78160	-41.07
78180	-40.84
78200	-40.48
78220	-42.04
78240	-40.66
78260	-41.57
78280	-40.62
78300	-40.7
78320	-41
78340	-40.45
78360	-41.49
78380	-41.15
78400	-40.34
78420	-40.94
78440	-39.64
78460	-40.34
78480	-39.72
78500	-39.67
78520	-40.85
78540	-40.77
78560	-39.95
78580	-40.7
78600	-40.32
78620	-40.1
78640	-40.27
78660	-40.73
78680	-40.15
78700	-40.43
78720	-40.63
78740	-40.29
78760	-39.05
78780	-39.33
78800	-39.11
78820	-39.53
78840	-39.23
78860	-39.47
78880	-38.79
78900	-38.49
78920	-39
78940	-39.63
78960	-39.37
78980	-38.65
79000	-38.91
79020	-38.46
79040	-39.1
79060	-39.09
79080	-39.67
79100	-39.51
79120	-39.23
79140	-39.47
79160	-38.42
79180	-38.51
79200	-38.66
79220	-37.88
79240	-38.99
79260	-40.24
79280	-40.68
79300	-41.03
79320	-41.02
79340	-39.62
79360	-41.51
79380	-40.02
79400	-39.99
79420	-40.67
79440	-39.94
79460	-39.94
79480	-39.43
79500	-39.88
79520	-40.29
79540	-40.07
79560	-39.97
79580	-40.78
79600	-40.34
79620	-39.58
79640	-38.98
79660	-39.85
79680	-40.75
79700	-41.2
79720	-38.85
79740	-40.3
79760	-40.33
79780	-40.03
79800	-39.86
79820	-39.35
79840	-40.1
79860	-40.18
79880	-38.99
79900	-39.09
79920	-39.76
79940	-39.14
79960	-39.84
79980	-39.92
80000	-39.71
80020	-39.71
80040	-39.21
80060	-39.14
80080	-39.3
80100	-40.02
80120	-39.16
80140	-38.87
80160	-39.34
80180	-39.62
80200	-39.02
80220	-37.79
80240	-39.91
80260	-39.54
80280	-39.18
80300	-40.36
80320	-39.55
80340	-39.11
80360	-38.73
80380	-40.04
80400	-39.51
80420	-39.42
80440	-39.29
80460	-39.47
80480	-39.44
80500	-38.8
80520	-38.73
80540	-38.43
80560	-38.92
80580	-38.88
80600	-40.11
80620	-38.05
80640	-38.42
80660	-39.98
80680	-39.32
80700	-39.74
80720	-39.28
80740	-39.06
80760	-38.66
80780	-38.56
80800	-38.73
80820	-39.24
80840	-38.01
80860	-38.36
80880	-38.9
80900	-38.66
80920	-38.13
80940	-38.57
80960	-38.86
80980	-38.63
81000	-39.12
81020	-38.75
81040	-38.34
81060	-38.07
81080	-37.67
81100	-39.72
81120	-38.31
81140	-38.12
81160	-38.77
81180	-39.02
81200	-38.04
81220	-38.18
81240	-38.3
81260	-38.39
81280	-38.29
81300	-37.81
81320	-38.13
81340	-38.33
81360	-38.58
81380	-38.59
81400	-38.24
81420	-37.88
81440	-38.34
81460	-38.71
81480	-37.37
81500	-38.03
81520	-38.24
81540	-38.51
81560	-38.44
81580	-38.02
81600	-37.96
81620	-37.45
81640	-37.96
81660	-37.65
81680	-37.97
81700	-37.69
81720	-37.65
81740	-37.19
81760	-38.32
81780	-38.05
81800	-37.65
81820	-36.97
81840	-36.91
81860	-37.22
81880	-37.84
81900	-37.76
81920	-38.01
81940	-38.16
81960	-38.08
81980	-38.78
82000	-37.61
82020	-38.24
82040	-38.45
82060	-37.89
82080	-38.56
82100	-38.01
82120	-37.47
82140	-37.78
82160	-38.11
82180	-37.19
82200	-37.69
82220	-37.85
82240	-37.23
82260	-38.33
82280	-39.16
82300	-38.59
82320	-38.22
82340	-38.27
82360	-38.61
82380	-37.93
82400	-37.57
82420	-37.89
82440	-38.25
82460	-38.78
82480	-37.84
82500	-37.65
82520	-38.1
82540	-37.81
82560	-37.38
82580	-38.35
82600	-37.45
82620	-38.16
82640	-38.21
82660	-38.08
82680	-38.34
82700	-37.9
82720	-37.29
82740	-37.41
82760	-38.4
82780	-37
82800	-37.86
82820	-38.69
82840	-38.57
82860	-38.57
82880	-38.23
82900	-38.07
82920	-38.05
82940	-37.85
82960	-37.98
82980	-38.65
83000	-38.11
83020	-37.57
83040	-37.37
83060	-37
83080	-36.79
83100	-37.25
83120	-37.35
83140	-36.8
83160	-36.89
83180	-37.09
83200	-37.42
83220	-38.39
83240	-37.28
83260	-38.03
83280	-37.88
83300	-37.64
83320	-37.73
83340	-38.17
83360	-37.84
83380	-36.97
83400	-38.44
83420	-37.8
83440	-38.03
83460	-38.3
83480	-37.87
83500	-37.91
83520	-37.43
83540	-37.48
83560	-36.85
83580	-37.2
83600	-36.63
83620	-37.25
83640	-37.3
83660	-37.56
83680	-36.43
83700	-37.16
83720	-36.43
83740	-37.56
83760	-37.97
83780	-37.13
83800	-37.81
83820	-37.37
83840	-38.18
83860	-38.31
83880	-37.79
83900	-38.24
83920	-37.82
83940	-37.83
83960	-37.97
83980	-38
84000	-36.73
84020	-37.52
84040	-37.21
84060	-37.25
84080	-37.08
84100	-37.53
84120	-37.55
84140	-37.3
84160	-37.19
84180	-38.4
84200	-37.66
84220	-37.83
84240	-37.05
84260	-37.99
84280	-37.94
84300	-37.91
84320	-37.97
84340	-37.84
84360	-37.96
84380	-38.56
84400	-38.1
84420	-37.85
84440	-37.25
84460	-37.13
84480	-37.02
84500	-36.99
84520	-36.89
84540	-37.45
84560	-36.55
84580	-37.31
84600	-36.83
84620	-36.89
84640	-36.7
84660	-36.43
84680	-36.62
84700	-37.15
84720	-37.4
84740	-36.1
84760	-37.78
84780	-39.77
84800	-40.32
84820	-41.44
84840	-41.09
84860	-40.78
84880	-41.04
84900	-41.06
84920	-40.8
84940	-41.17
84960	-40.45
84980	-39.2
85000	-39.14
85020	-37.59
85040	-37.72
85060	-39.82
85080	-40.88
85100	-40.69
85120	-40.08
85140	-40.43
85160	-39.45
85180	-39.84
85200	-39.98
85220	-41.27
85240	-41.23
85260	-41.27
85280	-40.67
85300	-40.8
85320	-41.14
85340	-39.6
85360	-39.66
85380	-40.95
85400	-39.71
85420	-40.82
85440	-40.4
85460	-40.94
85480	-41.26
85500	-41.91
85520	-41.34
85540	-40.48
85560	-40.45
85580	-40.47
85600	-41.23
85620	-42.85
85640	-41.08
85660	-41.19
85680	-41.44
85700	-41.19
85720	-41.22
85740	-41.71
85760	-41.14
85780	-41.84
85800	-41.95
85820	-40.45
85840	-41.11
85860	-41.03
85880	-41.89
85900	-41.29
85920	-41.28
85940	-40.31
85960	-42.36
85980	-41.9
86000	-40.97
86020	-40.85
86040	-40.71
86060	-40.87
86080	-40.41
86100	-40.34
86120	-40.42
86140	-40.54
86160	-39.24
86180	-40.73
86200	-41.33
86220	-41.45
86240	-40.83
86260	-41.12
86280	-41.27
86300	-41.31
86320	-41.34
86340	-41.09
86360	-41.02
86380	-41.54
86400	-42.12
86420	-41.06
86440	-42.08
86460	-40.71
86480	-41.46
86500	-40.6
86520	-40.48
86540	-40.74
86560	-41.08
86580	-41.18
86600	-41.09
86620	-41.29
86640	-41.51
86660	-41.37
86680	-41.96
86700	-40.81
86720	-42.11
86740	-42.04
86760	-41.02
86780	-42.72
86800	-41.88
86820	-40.78
86840	-41.02
86860	-41.78
86880	-41.44
86900	-40.76
86920	-41.35
86940	-41.29
86960	-40.21
86980	-40.82
87000	-41.72
87020	-41.05
87040	-41.12
87060	-41.25
87080	-40.98
87100	-42.38
87120	-42.04
87140	-42.38
87160	-41.58
87180	-41.43
87200	-41.96
87220	-42.48
87240	-41.26
87260	-41.76
87280	-41.36
87300	-41.09
87320	-41.61
87340	-41.76
87360	-41.2
87380	-41.36
87400	-41.13
87420	-41.98
87440	-41.56
87460	-41.73
87480	-40.8
87500	-41.67
87520	-41.88
87540	-42.2
87560	-40.93
87580	-42.02
87600	-41.24
87620	-41.28
87640	-41.09
87660	-40.99
87680	-40.12
87700	-40.5
87720	-40.14
87740	-39.53
87760	-38.91
87780	-39.03
87800	-39.16
87820	-39.79
87840	-40.03
87860	-39.75
87880	-40.26
87900	-40.77
87920	-40.4
87940	-39.93
87960	-39.53
87980	-40.36
88000	-40.08
88020	-39.44
88040	-39.37
88060	-39.72
88080	-39.1
88100	-38.91
88120	-38.95
88140	-38.89
88160	-38.49
88180	-39.24
88200	-39.93
88220	-39.92
88240	-39.46
88260	-40.28
88280	-37.91
88300	-39.23
88320	-39.08
88340	-38.29
88360	-38.72
88380	-38
88400	-38.35
88420	-39.02
88440	-39.06
88460	-38.66
88480	-39.31
88500	-38.85
88520	-39.04
88540	-38.63
88560	-38.86
88580	-38.86
88600	-38.46
88620	-38.14
88640	-38.33
88660	-38.29
88680	-38.17
88700	-38.58
88720	-38.64
88740	-39.29
88760	-38.76
88780	-38.94
88800	-38.95
88820	-39.34
88840	-39.04
88860	-39.37
88880	-40.53
88900	-39.94
88920	-38.73
88940	-39.63
88960	-39.17
88980	-38.35
89000	-38.24
89020	-38.63
89040	-38.28
89060	-37.89
89080	-38.03
89100	-38.37
89120	-38.46
89140	-38.8
89160	-38.43
89180	-38.25
89200	-37.95
89220	-38.39
89240	-37.78
89260	-38.18
89280	-38.68
89300	-38.99
89320	-38.54
89340	-38.04
89360	-38.13
89380	-37.56
89400	-37.79
89420	-37.74
89440	-37.93
89460	-37.75
89480	-38.12
89500	-38.02
89520	-38.42
89540	-37.27
89560	-38.07
89580	-38.38
89600	-37.92
89620	-37.7
89640	-37.66
89660	-37.51
89680	-37.36
89700	-38.02
89720	-38.12
89740	-38.02
89760	-38.16
89780	-37.21
89800	-38.79
89820	-39.46
89840	-39.18
89860	-38.39
89880	-38.68
89900	-38.06
89920	-38.31
89940	-37.86
89960	-38.26
89980	-37.63
90000	-37.84
90020	-38.25
90040	-38.14
90060	-39.14
90080	-39.99
90100	-39.88
90120	-40.23
90140	-40.82
90160	-39.72
90180	-39.75
90200	-39.88
90220	-39.23
90240	-40.08
90260	-39.49
90280	-40.09
90300	-39.65
90320	-39.64
90340	-39.63
90360	-40.22
90380	-39.83
90400	-40
90420	-39.25
90440	-39.49
90460	-39.54
90480	-39.8
90500	-39.07
90520	-39.28
90540	-39.31
90560	-39.19
90580	-39.66
90600	-39.86
90620	-40.06
90640	-38.95
90660	-39.88
90680	-39.07
90700	-39.99
90720	-39.35
90740	-39.31
90760	-40.04
90780	-39.5
90800	-39.66
90820	-39.75
90840	-39.65
90860	-39.35
90880	-39.32
90900	-40.07
90920	-39.89
90940	-39.04
90960	-39.54
90980	-39.13
91000	-38.77
91020	-39.61
91040	-39.59
91060	-39.31
91080	-39.7
91100	-39.41
91120	-39.41
91140	-39.33
91160	-39.54
91180	-39.58
91200	-39.67
91220	-38.99
91240	-39.37
91260	-38.76
91280	-39.38
91300	-39.88
91320	-40.42
91340	-39
91360	-39.41
91380	-39.56
91400	-39.6
91420	-39.98
91440	-40
91460	-39.78
91480	-39.71
91500	-39.72
91520	-39.47
91540	-40.63
91560	-39.48
91580	-39.41
91600	-40.13
91620	-39.79
91640	-40.26
91660	-39.85
91680	-39.9
91700	-39.74
91720	-40.12
91740	-39.5
91760	-39.23
91780	-39.47
91800	-39.31
91820	-38.42
91840	-39.06
91860	-39.01
91880	-39.6
91900	-39.25
91920	-40.08
91940	-39.81
91960	-39.26
91980	-40.12
92000	-39.74
92020	-39.71
92040	-39.55
92060	-39.63
92080	-39.35
92100	-39.75
92120	-39.36
92140	-40.06
92160	-39.52
92180	-39.21
92200	-39.41
92220	-40.12
92240	-40.82
92260	-39.79
92280	-39.62
92300	-40.6
92320	-39.67
92340	-38.98
92360	-38.82
92380	-39.32
92400	-39.88
92420	-39.56
92440	-39.54
92460	-40.68
92480	-38.8
92500	-38.58
92520	-39.46
92540	-40.14
92560	-39.22
92580	-39.89
92600	-39.53
92620	-39.36
92640	-40.16
92660	-40.24
92680	-39.47
92700	-39.54
92720	-39.59
92740	-39.19
92760	-39.64
92780	-39.94
92800	-39.19
92820	-40.06
92840	-39.56
92860	-39.99
92880	-40.47
92900	-40.68
92920	-40.13
92940	-40.59
92960	-39.92
92980	-39.18
93000	-40.01
93020	-39.8
93040	-39.97
93060	-39.97
93080	-40.08
93100	-39.92
93120	-39.74
93140	-40.51
93160	-39.71
93180	-39.41
93200	-39.45
93220	-40.71
93240	-40.22
93260	-39
93280	-39.2
93300	-39.56
93320	-38.7
93340	-39.63
93360	-40.17
93380	-39.33
93400	-40.32
93420	-40.06
93440	-39.46
93460	-40.37
93480	-39.33
93500	-39.6
93520	-39.54
93540	-39.28
93560	-39.72
93580	-40.01
93600	-39.83
93620	-39.03
93640	-38.58
93660	-39.45
93680	-39.58
93700	-40.26
93720	-39.02
93740	-39.75
93760	-40.55
93780	-40.12
93800	-39.79
93820	-39.37
93840	-38.96
93860	-40.07
93880	-39.7
93900	-40.04
93920	-39.14
93940	-39.43
93960	-39.34
93980	-39.05
94000	-38.77
94020	-39.06
94040	-39.51
94060	-39.25
94080	-39.83
94100	-38.94
94120	-39.98
94140	-38.77
94160	-39
94180	-39.11
94200	-38.3
94220	-39.78
94240	-39.06
94260	-39.08
94280	-39.07
94300	-39.54
94320	-40.23
94340	-39.54
94360	-39.89
94380	-39.6
94400	-39.1
94420	-39.42
94440	-39.71
94460	-39.64
94480	-39.63
94500	-39.41
94520	-39.17
94540	-39.37
94560	-39.7
94580	-39.5
94600	-39.62
94620	-40.15
94640	-40.12
94660	-39.77
94680	-39.59
94700	-39.73
94720	-39.37
94740	-39.55
94760	-39.58
94780	-38.6
94800	-39.09
94820	-39.5
94840	-38.78
94860	-39.1
94880	-40.41
94900	-39.53
94920	-38.44
94940	-39.36
94960	-39.45
94980	-38.69
95000	-39.42
95020	-39.56
95040	-39.2
95060	-39.41
95080	-39.05
95100	-39.2
95120	-38.83
95140	-38.78
95160	-37.56
95180	-39.49
95200	-39.02
95220	-39.85
95240	-39.52
95260	-38.39
95280	-39.22
95300	-39.64
95320	-39.2
95340	-38.17
95360	-39.12
95380	-38.91
95400	-38.09
95420	-39.41
95440	-38.84
95460	-39.57
95480	-38.76
95500	-39.51
95520	-39.12
95540	-39.27
95560	-39.08
95580	-38.73
95600	-39.73
95620	-39.11
95640	-37.99
95660	-38.99
95680	-38.47
95700	-38.81
95720	-38.85
95740	-38.99
95760	-38.65
95780	-38.61
95800	-38.59
95820	-38.36
95840	-38.81
95860	-39
95880	-38.68
95900	-38.16
95920	-38.62
95940	-39.07
95960	-39.25
95980	-38.64
96000	-39.11
96020	-38.83
96040	-38.9
96060	-38.3
96080	-38.66
96100	-38.3
96120	-38.36
96140	-38.26
96160	-38.9
96180	-39
96200	-39.05
96220	-39.05
96240	-38.36
96260	-37.93
96280	-38.68
96300	-38.28
96320	-38.8
96340	-38.61
96360	-38.4
96380	-37.78
96400	-38.11
96420	-38.78
96440	-37.71
96460	-38.27
96480	-38.31
96500	-38.15
96520	-37.93
96540	-38.22
96560	-38.71
96580	-38.73
96600	-39.1
96620	-39.08
96640	-39.25
96660	-38.77
96680	-39.56
96700	-39.24
96720	-39.22
96740	-39.27
96760	-38.84
96780	-38.26
96800	-37.4
96820	-38.4
96840	-38.41
96860	-39.08
96880	-38.58
96900	-38.24
96920	-39.26
96940	-39.08
96960	-38.66
96980	-38.61
97000	-38.01
97020	-39.42
97040	-39.04
97060	-38.6
97080	-38.66
97100	-38.05
97120	-39.07
97140	-39.15
97160	-38.02
97180	-38.57
97200	-38.4
97220	-38.51
97240	-38.68
97260	-38.29
97280	-38.31
97300	-38.49
97320	-37.57
97340	-38.7
97360	-38.88
97380	-38.2
97400	-38.19
97420	-38.76
97440	-37.63
97460	-37.75
97480	-38.2
97500	-37.96
97520	-37.31
97540	-37.62
97560	-38.89
97580	-39.32
97600	-39.17
97620	-38.81
97640	-38.62
97660	-38.51
97680	-37.79
97700	-38.53
97720	-38.63
97740	-38.06
97760	-38.83
97780	-38.55
97800	-38.95
97820	-38.33
97840	-38.59
97860	-38.34
97880	-38.81
97900	-38.56
97920	-38.26
97940	-38.58
97960	-38.4
97980	-38.19
98000	-39.46
98020	-38.22
98040	-38.03
98060	-38.25
98080	-38.3
98100	-38.43
98120	-38.69
98140	-37.92
98160	-38.92
98180	-38.22
98200	-38.83
98220	-38.66
98240	-37.45
98260	-38.7
98280	-38.79
98300	-38.87
98320	-38.51
98340	-38.26
98360	-38.45
98380	-38.15
98400	-38.87
98420	-38.61
98440	-38.19
98460	-37.91
98480	-38.75
98500	-38.01
98520	-37.17
98540	-37.93
98560	-38.54
98580	-38.06
98600	-38.19
98620	-37.53
98640	-38.42
98660	-38
98680	-38.41
98700	-38.2
98720	-37.51
98740	-38.12
98760	-37.62
98780	-38.23
98800	-36.99
98820	-37.4
98840	-37.02
98860	-37.8
98880	-37.75
98900	-38.13
98920	-38.2
98940	-38.28
98960	-37.98
98980	-37.73
99000	-37.71
99020	-38.62
99040	-38.42
99060	-39.08
99080	-38.54
99100	-38.33
99120	-37.71
99140	-37.46
99160	-38.46
99180	-38.59
99200	-38.23
99220	-38.03
99240	-38.13
99260	-38.34
99280	-37.88
99300	-38.55
99320	-38.24
99340	-37.94
99360	-37.89
99380	-38.01
99400	-37.01
99420	-37.72
99440	-38.29
99460	-38.22
99480	-37.47
99500	-37.71
99520	-38.39
99540	-38.13
99560	-38.26
99580	-38.38
99600	-37.52
99620	-37.7
99640	-37.45
99660	-37.7
99680	-37.82
99700	-38.37
99720	-37.67
99740	-37.88
99760	-37.52
99780	-36.8
99800	-38
99820	-37.61
99840	-38.25
99860	-37.79
99880	-37.51
99900	-37.36
99920	-37.7
99940	-37.32
99960	-37.96
99980	-37.37
100000	-37.68
100020	-37.43
100040	-37.66
100060	-37.64
100080	-37.43
100100	-37.16
100120	-37.59
100140	-37.3
100160	-38.05
100180	-37.97
100200	-37.56
100220	-38.38
100240	-37.95
100260	-37.73
100280	-37.77
100300	-37.67
100320	-37.66
100340	-37.95
100360	-37.35
100380	-37.84
100400	-38.42
100420	-37.95
100440	-37.37
100460	-38.25
100480	-37.9
100500	-38.07
100520	-38.2
100540	-37.59
100560	-37.7
100580	-38.4
100600	-37.6
100620	-37.35
100640	-37.76
100660	-37.68
100680	-38.69
100700	-37.95
100720	-37.83
100740	-37.91
100760	-37.52
100780	-37.23
100800	-37.67
100820	-38.62
100840	-38.12
100860	-38.22
100880	-37.51
100900	-37.53
100920	-37.31
100940	-37.74
100960	-37.85
100980	-37.84
101000	-37.37
101020	-37.28
101040	-37.95
101060	-38.02
101080	-37.58
101100	-37.47
101120	-37.02
101140	-37.6
101160	-37.19
101180	-37.75
101200	-37.73
101220	-36.82
101240	-37.07
101260	-36.87
101280	-36.96
101300	-37.6
101320	-38.64
101340	-37.75
101360	-37.58
101380	-37.68
101400	-37.39
101420	-37.64
101440	-37.19
101460	-37.6
101480	-37.28
101500	-37.6
101520	-37.4
101540	-37.35
101560	-37.53
101580	-37.75
101600	-37.3
101620	-37.59
101640	-37.91
101660	-37.06
101680	-37.36
101700	-37.49
101720	-37.11
101740	-37.25
101760	-37.41
101780	-37.57
101800	-37.91
101820	-37.31
101840	-37.03
101860	-36.32
101880	-37.66
101900	-37.16
101920	-36.5
101940	-37.37
101960	-37.89
101980	-37.52
102000	-36.88
102020	-36.78
102040	-37.17
102060	-37.26
102080	-37.12
102100	-36.72
102120	-37.26
102140	-37.08
102160	-36.64
102180	-37.17
102200	-36.94
102220	-37.77
102240	-37.3
102260	-36.66
102280	-36.96
102300	-36.28
102320	-37.77
102340	-37.22
102360	-36.94
102380	-36.74
102400	-37.14
102420	-36.98
102440	-37.31
102460	-37.11
102480	-36.35
102500	-36.59
102520	-37.48
102540	-37.2
102560	-36.94
102580	-36.88
102600	-37.13
102620	-36.75
102640	-36.78
102660	-37.31
102680	-37.26
102700	-37.18
102720	-37.8
102740	-37.72
102760	-36.36
102780	-36.54
102800	-36.65
102820	-37.41
102840	-36.73
102860	-36.77
102880	-36.88
102900	-35.8
102920	-36.64
102940	-36.07
102960	-36.67
102980	-36.71
103000	-36.41
103020	-37.74
103040	-37.25
103060	-37.45
103080	-36.53
103100	-36.47
103120	-37.19
103140	-36.83
103160	-36.63
103180	-36.71
103200	-36.86
103220	-36.44
103240	-37.23
103260	-36.98
103280	-36.8
103300	-36.66
103320	-36.37
103340	-37.01
103360	-36.95
103380	-36.87
103400	-36.57
103420	-37
103440	-37.14
103460	-36.88
103480	-37.22
103500	-36.64
103520	-36.79
103540	-37.04
103560	-37.09
103580	-37.02
103600	-36.67
103620	-36.62
103640	-36.54
103660	-36.95
103680	-36.85
103700	-37.28
103720	-36.34
103740	-36.74
103760	-35.98
103780	-36.65
103800	-36.9
103820	-37.4
103840	-36.41
103860	-36.15
103880	-36.92
103900	-36.74
103920	-37.17
103940	-36.96
103960	-36.85
103980	-37.08
104000	-36.35
104020	-37.04
104040	-37.74
104060	-38.77
104080	-38.69
104100	-39.39
104120	-39.86
104140	-39.46
104160	-39.23
104180	-39.08
104200	-39.85
104220	-39.4
104240	-39.75
104260	-39.28
104280	-38.87
104300	-38.94
104320	-39.66
104340	-39.84
104360	-38.85
104380	-38.94
104400	-36.92
104420	-36.23
104440	-35.9
104460	-35.53
104480	-37.4
104500	-37.66
104520	-38.2
104540	-38.98
104560	-39.36
104580	-39.91
104600	-39.55
104620	-39.13
104640	-39.68
104660	-39.49
104680	-39.91
104700	-39.92
104720	-39.99
104740	-39.81
104760	-39.58
104780	-39.96
104800	-40.06
104820	-39.49
104840	-40.16
104860	-40.4
104880	-39.61
104900	-39.96
104920	-39.92
104940	-39.51
104960	-40.04
104980	-39.54
105000	-39.22
105020	-39.7
105040	-39.75
105060	-39.6
105080	-39.26
105100	-39.78
105120	-40.51
105140	-40.39
105160	-39.89
105180	-39.5
105200	-40
105220	-39.1
105240	-38.76
105260	-39.51
105280	-39.87
105300	-40.21
105320	-39.62
105340	-39.24
105360	-39.53
105380	-39.52
105400	-40.17
105420	-39.9
105440	-39.9
105460	-38.6
105480	-38.23
105500	-38.3
105520	-38.05
105540	-38.36
105560	-37.37
105580	-37.67
105600	-38.2
105620	-37.62
105640	-37.59
105660	-37.6
105680	-37.48
105700	-37.73
105720	-37.11
105740	-37.19
105760	-37.6
105780	-37.6
105800	-37.82
105820	-37.59
105840	-37.43
105860	-37.32
105880	-37.31
105900	-36.44
105920	-37.03
105940	-37.1
105960	-37.26
105980	-36.88
106000	-37.85
106020	-37.27
106040	-37.56
106060	-37.53
106080	-37.66
106100	-37.47
106120	-37.49
106140	-37.31
106160	-37.26
106180	-37.08
106200	-37.19
106220	-37.68
106240	-38.42
106260	-38.61
106280	-39.06
106300	-38.85
106320	-37.81
106340	-36.78
106360	-36.97
106380	-36.97
106400	-37.14
106420	-37.16
106440	-37.66
106460	-36.96
106480	-36.82
106500	-37.76
106520	-37.18
106540	-37.22
106560	-37.13
106580	-37
106600	-37.64
106620	-37.03
106640	-36.77
106660	-36.62
106680	-36.33
106700	-36.34
106720	-36.44
106740	-37.03
106760	-37.37
106780	-39
106800	-40.16
106820	-40.4
106840	-39.94
106860	-39.38
106880	-39.16
106900	-38.51
106920	-37.37
106940	-37.47
106960	-37.06
106980	-37.14
107000	-37.76
107020	-37.53
107040	-37.43
107060	-37.36
107080	-37.65
107100	-37.61
107120	-37.72
107140	-37.76
107160	-37.32
107180	-37.12
107200	-36.82
107220	-37.07
107240	-37.33
107260	-37.5
107280	-37.65
107300	-37.38
107320	-37.48
107340	-37.51
107360	-37.96
107380	-37.86
107400	-37.56
107420	-37.9
107440	-37.09
107460	-36.95
107480	-37.88
107500	-38.13
107520	-37.58
107540	-37.58
107560	-37.48
107580	-37.5
107600	-37.36
107620	-37.04
107640	-37.35
107660	-37.95
107680	-37.92
107700	-37.66
107720	-37.21
107740	-37.01
107760	-37.26
107780	-36.99
107800	-37.01
107820	-37.2
107840	-37.24
107860	-37.48
107880	-37.08
107900	-37.45
107920	-37.39
107940	-37.54
107960	-37.07
107980	-36.66
108000	-36.78
108020	-36.71
108040	-36.88
108060	-36.73
108080	-36.42
108100	-37
108120	-36.58
108140	-36.27
108160	-36.41
108180	-36.49
108200	-36.17
108220	-36.67
108240	-37.37
108260	-37.31
108280	-37.01
108300	-39.28
108320	-40.27
108340	-40.93
108360	-40.5
108380	-40.24
108400	-40.6
108420	-40.9
108440	-41.57
108460	-41.97
108480	-40.96
108500	-40.56
108520	-40.32
108540	-40.54
108560	-40.41
108580	-40.79
108600	-41.13
108620	-40.63
108640	-41.29
108660	-40.97
108680	-41.26
108700	-41.11
108720	-41.35
108740	-40.78
108760	-40.82
108780	-40.49
108800	-40.43
108820	-40.8
108840	-40.07
108860	-40.56
108880	-40.47
108900	-40.92
108920	-41.69
108940	-41.66
108960	-40.56
108980	-41.07
109000	-41.68
109020	-41.67
109040	-41.28
109060	-41.32
109080	-40.75
109100	-41.05
109120	-40.79
109140	-40.89
109160	-40.72
109180	-40.58
109200	-40.8
109220	-41
109240	-41.09
109260	-40.45
109280	-40.72
109300	-40.38
109320	-41.5
109340	-41.86
109360	-41.45
109380	-42.17
109400	-41.65
109420	-41.46
109440	-41.59
109460	-41.05
109480	-41.29
109500	-41.57
109520	-41.64
109540	-41.75
109560	-41.31
109580	-41.19
109600	-41.25
109620	-41.08
109640	-41.33
109660	-41.6
109680	-41.18
109700	-41
109720	-41.34
109740	-41.27
109760	-41.33
109780	-41.57
109800	-41.15
109820	-40.57
109840	-40.93
109860	-40.63
109880	-41.04
109900	-41.38
109920	-41.61
109940	-41.06
109960	-41.23
109980	-40.89
110000	-40.85
110020	-41.71
110040	-41.71
110060	-41.57
110080	-41.13
110100	-41.76
110120	-41.62
110140	-41.51
110160	-42.5
110180	-42.09
110200	-41.69
110220	-41.25
110240	-41.8
110260	-41.33
110280	-41.19
110300	-41.71
110320	-41.6
110340	-41.32
110360	-41.56
110380	-41.56
110400	-41.57
110420	-41.6
110440	-41.53
110460	-41.19
110480	-40.5
110500	-40.5
110520	-41.23
110540	-41.29
110560	-41.68
110580	-41.5
110600	-40.95
110620	-40.17
110640	-40.12
110660	-39.38
110680	-39.78
110700	-39.01
110720	-38.26
110740	-38.11
110760	-38.22
110780	-38.07
110800	-38.78
110820	-38.02
110840	-38.38
110860	-38.35
110880	-37.85
110900	-38.28
110920	-38.49
110940	-38.7
110960	-39.62
110980	-39.86
111000	-39.69
111020	-39.48
111040	-39.73
111060	-39.6
111080	-40.08
111100	-39.57
111120	-40.03
111140	-40.15
111160	-39.52
111180	-39
111200	-39.61
111220	-40.19
111240	-39.71
111260	-39.81
111280	-39.77
111300	-40.08
111320	-39.82
111340	-39.52
111360	-38.74
111380	-39.52
111400	-39.27
111420	-39.19
111440	-39.11
111460	-38.57
111480	-38.56
111500	-38.84
111520	-38.93
111540	-38.19
111560	-38.32
111580	-38.36
111600	-39.32
111620	-38.56
111640	-38.59
111660	-38.86
111680	-39.1
111700	-39.18
111720	-38.32
111740	-38.93
111760	-39.08
111780	-39.37
111800	-38.77
111820	-39.31
111840	-39.34
111860	-38.51
111880	-38.59
111900	-38.88
111920	-38.76
111940	-38.47
111960	-37.94
111980	-37.1
112000	-37.19
112020	-37.83
112040	-38.14
112060	-38.16
112080	-38.62
112100	-38.22
112120	-37.99
112140	-37.85
112160	-37.45
112180	-37.75
112200	-38.19
112220	-38.16
112240	-37.54
112260	-38.32
112280	-37.87
112300	-37.33
112320	-38.12
112340	-38.51
112360	-37.93
112380	-37.75
112400	-37.7
112420	-37.82
112440	-37.62
112460	-37.72
112480	-37.35
112500	-37
112520	-37.81
112540	-37.69
112560	-37.16
112580	-36.7
112600	-37.41
112620	-37.62
112640	-37.44
112660	-37.41
112680	-37.08
112700	-37.42
112720	-37.6
112740	-37.41
112760	-36.82
112780	-37.29
112800	-37.32
112820	-37.26
112840	-37.05
112860	-37.74
112880	-37.48
112900	-37.38
112920	-37.4
112940	-37.59
112960	-37.58
112980	-38.1
113000	-38.05
113020	-37.06
113040	-36.7
113060	-36.64
113080	-37.16
113100	-37.21
113120	-36.8
113140	-36.95
113160	-37.23
113180	-37.24
113200	-37.15
113220	-37.33
113240	-37.13
113260	-37.62
113280	-37.46
113300	-37.01
113320	-36.89
113340	-37.16
113360	-37.02
113380	-37.94
113400	-37.71
113420	-37.68
113440	-37.86
113460	-37.95
113480	-38.01
113500	-37.02
113520	-37.71
113540	-37.52
113560	-37.85
113580	-37
113600	-37.31
113620	-37.34
113640	-37.85
113660	-36.9
113680	-36.88
113700	-37.13
113720	-36.98
113740	-37.11
113760	-37.61
113780	-37.24
113800	-36.79
113820	-37.25
113840	-37.07
113860	-37.41
113880	-37.54
113900	-37.46
113920	-37.25
113940	-36.8
113960	-36.43
113980	-37.23
114000	-37.28
114020	-37.6
114040	-37.75
114060	-37.46
114080	-37.48
114100	-36.91
114120	-37.48
114140	-37.25
114160	-36.83
114180	-36.57
114200	-37.22
114220	-37.8
114240	-37.65
114260	-37.17
114280	-36.73
114300	-37.49
114320	-37.75
114340	-36.87
114360	-36.7
114380	-36.95
114400	-37.35
114420	-37.78
114440	-37.54
114460	-36.67
114480	-36.81
114500	-37.27
114520	-37.41
114540	-37.16
114560	-37.09
114580	-37.46
114600	-37.39
114620	-37.25
114640	-37.08
114660	-37.17
114680	-36.55
114700	-37.12
114720	-37.15
114740	-37.18
114760	-37.15
114780	-37.43
114800	-37.23
114820	-37.12
114840	-36.94
114860	-36.41
114880	-36.56
114900	-37.7
114920	-37.36
114940	-37.3
114960	-37.53
114980	-37.46
115000	-37.78
115020	-36.84
115040	-37.1
115060	-36.81
115080	-37.27
115100	-37.18
115120	-36.77
115140	-37.4
115160	-37.26
115180	-36.87
115200	-37.12
115220	-37.11
115240	-36.83
115260	-37.02
115280	-36.71
115300	-36.34
115320	-36.88
115340	-37.31
115360	-37.37
115380	-36.89
115400	-37.9
115420	-38.39
115440	-37.89
115460	-38.59
115480	-38.44
115500	-39.14
115520	-38.88
115540	-38.3
115560	-38.7
115580	-38.52
115600	-38.5
115620	-38.28
115640	-37.5
115660	-38.23
115680	-38.89
115700	-38.82
115720	-38.12
115740	-38.7
115760	-38.38
115780	-38.33
115800	-39.28
115820	-38.6
115840	-38.45
115860	-38.09
115880	-38.24
115900	-38.4
115920	-38.46
115940	-38.42
115960	-38.51
115980	-38.95
116000	-38.86
116020	-38.41
116040	-38.35
116060	-38.7
116080	-38.62
116100	-38.71
116120	-38.63
116140	-38.6
116160	-38.54
116180	-38.53
116200	-38.5
116220	-38.08
116240	-37.71
116260	-37.9
116280	-38.18
116300	-38.42
116320	-38.87
116340	-38.4
116360	-38.3
116380	-38.13
116400	-38.21
116420	-38.24
116440	-38.45
116460	-38.8
116480	-38.52
116500	-37.98
116520	-37.33
116540	-37.99
116560	-37.84
116580	-38.21
116600	-38.76
116620	-38.35
116640	-38.53
116660	-37.96
116680	-37.8
116700	-38.15
116720	-37.66
116740	-37.99
116760	-38.4
116780	-38.06
116800	-38.61
116820	-38.63
116840	-38.61
116860	-38.12
116880	-38.05
116900	-38.61
116920	-38.15
116940	-37.74
116960	-38.19
116980	-38.3
117000	-38.34
117020	-37.85
117040	-37.81
117060	-37.87
117080	-38.34
117100	-38.13
117120	-37.86
117140	-37.87
117160	-37.94
117180	-38.31
117200	-37.77
117220	-37.81
117240	-37.82
117260	-38.35
117280	-38
117300	-38.14
117320	-38.47
117340	-38.29
117360	-38.14
117380	-38.25
117400	-38.09
117420	-38.06
117440	-37.59
117460	-37.79
117480	-38.05
117500	-37.65
117520	-37.23
117540	-37.25
117560	-37.78
117580	-37.71
117600	-37.66
117620	-37.89
117640	-37.82
117660	-37.72
117680	-37.7
117700	-37.55
117720	-37.57
117740	-37.68
117760	-37.92
117780	-37.12
117800	-36.83
117820	-37.13
117840	-37.57
117860	-37.41
117880	-37.47
117900	-37.51
117920	-37.49
117940	-38.05
117960	-37.48
117980	-37.51
118000	-37.66
118020	-37.81
118040	-37.85
118060	-37.7
118080	-37.75
118100	-38.17
118120	-37.69
118140	-37.75
118160	-37.98
118180	-37.73
118200	-37.43
118220	-37.77
118240	-37.96
118260	-37.61
118280	-37.55
118300	-37.66
118320	-37.73
118340	-36.81
118360	-36.62
118380	-37.11
118400	-37.24
118420	-37.3
118440	-37.23
118460	-37.25
118480	-36.97
118500	-37.46
118520	-37.59
118540	-37.49
118560	-37.39
118580	-37.29
118600	-36.95
118620	-37.15
118640	-36.96
118660	-37.19
118680	-37.73
118700	-37.6
118720	-37.46
118740	-37.49
118760	-36.92
118780	-36.71
118800	-36.65
118820	-36.55
118840	-36.88
118860	-36.99
118880	-36.95
118900	-37.02
118920	-37.05
118940	-36.98
118960	-37.01
118980	-37.13
119000	-36.72
119020	-36.53
119040	-35.98
119060	-36.45
119080	-36.67
119100	-37.03
119120	-36.68
119140	-36.71
119160	-35.72
119180	-35.6
119200	-35.66
119220	-35.88
119240	-35.95
119260	-35.68
119280	-35.6
119300	-35.48
119320	-35.67
119340	-35.8
119360	-35.55
119380	-35.6
119400	-35.49
119420	-35.24
119440	-35.45
119460	-35.58
119480	-35.4
119500	-35.31
119520	-35.06
119540	-34.8
119560	-34.41
119580	-34.74
119600	-34.91
119620	-34.84
119640	-35.16
119660	-35.17
119680	-34.74
119700	-34.76
119720	-34.84
119740	-34.64
119760	-34.81
119780	-34.92
119800	-34.82
119820	-34.57
119840	-34.45
119860	-34.41
119880	-34.65
119900	-34.47
119920	-34.17
119940	-34.13
119960	-34.53
119980	-34.75
120000	-34.54
120020	-34.52
120040	-34.49
120060	-34.35
120080	-34.21
120100	-34.18
120120	-34.48
120140	-34.54
120160	-34.25
120180	-34.22
120200	-34.19
120220	-34.16
120240	-34.24
120260	-34.14
120280	-34.2
120300	-33.88
120320	-34.01
120340	-34.02
120360	-33.9
120380	-33.92
120400	-33.69
120420	-33.55
120440	-33.5
120460	-33.54
120480	-33.71
120500	-33.82
120520	-33.76
120540	-33.49
120560	-33.28
120580	-33.31
120600	-33.51
120620	-33.38
120640	-33.13
120660	-33.4
120680	-33.39
120700	-33.29
120720	-33.2
120740	-33.19
120760	-33.16
120780	-32.61
120800	-32.7
120820	-33.05
120840	-32.99
120860	-32.52
120880	-32.41
120900	-32.84
120920	-32.77
120940	-32.71
120960	-32.55
120980	-32.59
121000	-32.69
121020	-32.74
121040	-32.95
121060	-32.94
121080	-32.81
121100	-32.33
121120	-32.45
121140	-32.41
121160	-32.36
121180	-32.46
121200	-32.48
121220	-32.29
121240	-32.31
121260	-32.51
121280	-32.46
121300	-32.52
121320	-32.39
121340	-32.35
121360	-32.28
121380	-32.35
121400	-32.6
121420	-32.32
121440	-32.4
121460	-32.24
121480	-32.33
121500	-32.37
121520	-32.15
121540	-32.34
121560	-32.38
121580	-32.14
121600	-32.11
121620	-32.12
121640	-32.41
121660	-32.32
121680	-32.3
121700	-32.32
121720	-32.43
121740	-32.3
121760	-32.26
121780	-32.25
121800	-32.4
121820	-32.37
121840	-32.26
121860	-32.36
121880	-32.43
121900	-32.41
121920	-32.58
121940	-32.57
121960	-32.63
121980	-32.62
122000	-32.55
122020	-32.62
122040	-32.61
122060	-32.72
122080	-32.69
122100	-32.48
122120	-32.53
122140	-32.38
122160	-32.32
122180	-32.63
122200	-32.85
122220	-32.66
122240	-32.66
122260	-32.51
122280	-32.56
