#depth [mm]	Age [ka]	ageerr [ka]	d18O [permil]
181.75	102952	356	-8.69
181.5	102964	350	-8.68
181.25	102976	345	-8.66
181	102988	339	-8.72
180.75	102999	333	-8.66
180.5	103011	327	-8.67
180.25	103023	322	-8.7
180	103035	316	-8.7
179.75	103047	310	-8.73
179.5	103058	304	-8.82
179.25	103070	298	-8.54
179	103081	292	-8.6
178.75	103093	287	-8.44
178.5	103105	281	-8.54
178.25	103117	275	-8.49
178	103129	269	-8.48
177.75	103142	264	-8.7
177.5	103156	259	-8.4
177.25	103169	253	-8.56
177	103183	248	-8.56
176.75	103197	243	-8.4
176.5	103211	237	-8.43
176.25	103225	232	-8.44
176	103238	227	-8.82
175.75	103252	221	-8.96
175.5	103266	216	-8.78
175.25	103280	210	-9.18
175	103294	204	-9.25
174.75	103307	199	-8.87
174.5	103321	193	-9.17
174.25	103335	188	-8.91
174	103348	185	-8.56
173.75	103362	182	-8.61
173.5	103376	179	-8.42
173.25	103389	176	-9.08
173	103402	174	-9.09
172.75	103416	171	-8.77
172.5	103429	168	-8.71
172.25	103442	165	-8.83
172	103456	162	-8.88
171.75	103468	159	-8.76
171.5	103481	157	-8.82
171.25	103494	155	-9.08
171	103506	152	-9.03
170.75	103519	150	-8.9
170.5	103532	148	-8.8
170.25	103545	146	-8.94
170	103557	144	-8.95
169.75	103569	142	-8.92
169.5	103581	141	-9.2
169.25	103594	139	-9.06
169	103604	138	-9.2
168.75	103615	137	-9.14
168.5	103626	136	-8.98
168.25	103636	135	-9.22
168	103646	134	-9.05
167.75	103657	133	-9.16
167.5	103667	132	-8.97
167.25	103678	131	-9.19
167	103689	130	-9.26
166.75	103699	129	-9.29
166.5	103709	128	-9.22
166.25	103720	127	-9.47
166	103732	128	-9.64
165.75	103744	129	-9.51
165.5	103756	130	-10.14
165.25	103766	131	-10.52
165	103776	132	-10.75
164.75	103786	133	-10.78
164.5	103796	134	-10.93
164.25	103807	135	-10.8
164	103817	136	-10.95
163.75	103827	138	-10.98
163.5	103837	139	-11.09
163.25	103847	140	-10.7
163	103858	141	-10.69
162.75	103867	143	-10.89
162.5	103877	144	-11.11
162.25	103887	146	-11.25
162	103896	147	-11.25
161.75	103906	149	-11.08
161.5	103916	151	-10.84
161.25	103926	152	-10.69
161	103935	154	-10.75
160.75	103945	155	-10.97
160.5	103955	157	-10.9
160.25	103965	159	-11.01
160	103974	160	-11.05
159.75	103984	162	-11.09
159.5	103993	163	-11.24
159	104012	167	-11.61
158.75	104022	168	-11.47
158.5	104032	170	-11.26
158.25	104042	172	-11.35
158	104051	173	-11.19
157.75	104061	175	-11.04
157.5	104071	177	-11.17
157.25	104081	178	-11.28
157	104094	183	-11.15
156.75	104107	188	-11.19
156.5	104121	192	-11.42
156.25	104132	198	-11.42
156	104144	204	-11.33
155.75	104156	210	-11.73
155.5	104168	216	-11.42
154.75	105603	195	-10.77
154.5	105608	194	-11.15
154.25	105613	193	-11.26
154	105618	192	-11.13
153.75	105624	192	-10.81
153.5	105628	190	-10.74
153.25	105633	189	-10.67
153	105638	188	-10.95
152.75	105643	187	-10.62
152.5	105649	186	-10.54
152.25	105654	186	-10.85
152	105659	185	-11
151.75	105664	184	-11.21
151.5	105669	183	-10.92
151.25	105674	182	-10.78
151	105679	181	-10.65
150.75	105684	180	-10.57
150.5	105690	179	-10.65
150.25	105694	178	-10.95
150	105699	177	-10.67
149.75	105704	176	-10.68
149.5	105709	175	-10.62
149.25	105714	175	-10.78
149	105719	174	-10.24
148.75	105724	173	-10.53
148.5	105729	172	-10.8
148.25	105735	171	-11.12
148	105740	170	-10.89
147.75	105745	169	-10.98
147.5	105750	168	-10.87
147.25	105755	167	-10.75
147	105760	167	-10.86
146.75	105765	166	-10.86
146.5	105771	165	-10.87
146.25	105776	164	-10.68
146	105781	163	-10.93
145.75	105787	163	-11.09
145.5	105792	162	-11.19
145.25	105797	161	-11.23
145	105802	161	-11.11
144.75	105807	160	-10.79
144.5	105813	159	-10.99
144.25	105818	159	-10.73
144	105824	158	-10.56
143.75	105830	158	-10.8
143.5	105835	157	-10.56
143.25	105841	157	-10.52
143	105846	156	-10.59
142.75	105852	156	-10.33
142.5	105858	155	-10.19
142.25	105863	154	-9.94
142	105869	154	-10.02
141.75	105874	153	-9.75
141.5	105880	153	-9.69
141.25	105886	152	-9.43
141	105891	151	-9.57
140.75	105897	151	-9.29
140.5	105902	150	-9.58
140.25	105908	150	-9.56
140	105914	149	-9.04
139.75	105919	149	-9.15
139.5	105925	148	-8.71
139.25	105931	148	-9.07
139	105937	147	-9.16
138.75	105942	147	-9.22
138.5	105948	147	-9.18
138.25	105954	146	-9.26
138	105959	146	-9.55
137.75	105965	145	-9.41
137.5	105970	145	-9.31
137.25	105976	144	-9.38
137	105982	144	-9.29
136.75	105987	144	-9.09
136.5	105993	143	-9.01
136.25	105999	143	-9
136	106005	142	-8.87
135.75	106010	142	-8.94
135.5	106016	142	-8.68
135.25	106022	141	-8.65
135	106028	141	-8.58
134.75	106034	140	-8.63
134.5	106039	140	-8.75
134.25	106044	140	-9.58
134	106049	139	-9.56
133.75	106055	139	-9.69
133.5	106060	139	-9.74
133.25	106066	138	-9.61
133	106072	138	-9.44
132.75	106077	137	-9.58
132.5	106083	137	-9.63
132.25	106088	137	-9.23
132	106093	137	-8.94
131.75	106098	136	-8.54
131.5	106104	136	-8.58
131.25	106109	136	-8.93
131	106114	136	-8.92
130.75	106119	135	-8.78
130.5	106125	135	-8.74
130.25	106130	135	-8.88
130	106135	135	-8.85
129.75	106140	134	-8.69
129.5	106146	134	-9.02
129.25	106151	134	-9.12
129	106157	133	-9.22
128.75	106162	133	-9.29
128.5	106167	133	-9.22
128.25	106172	133	-9.27
128	106178	132	-9.27
127.75	106183	132	-9.25
127.5	106188	132	-9.03
127.25	106193	131	-9
127	106199	131	-9.09
126.75	106204	131	-9.03
126.5	106210	130	-9.16
126.25	106215	130	-9
126	106220	130	-9.06
125.75	106225	130	-8.9
125.5	106230	129	-8.73
125.25	106236	129	-8.52
125	106241	129	-8.59
124.75	106246	129	-8.61
124.5	106251	128	-8.71
124.25	106257	128	-8.64
124	106262	128	-8.72
123.75	106268	128	-8.64
123.5	106273	127	-8.49
123.25	106279	127	-8.65
123	106284	127	-8.55
122.75	106290	127	-8.59
122.5	106295	126	-8.67
122.25	106301	126	-8.73
122	106306	126	-8.86
121.75	106311	126	-8.89
121.5	106317	125	-8.87
121.25	106322	125	-9
121	106327	125	-8.81
120.75	106332	125	-8.59
120.5	106338	124	-8.79
120.25	106343	124	-8.83
120	106349	124	-8.62
119.75	106354	124	-8.73
119.5	106360	123	-8.99
119.25	106365	123	-8.82
119	106370	123	-8.92
118.75	106375	123	-9.04
118.5	106381	123	-9.09
118.25	106386	123	-8.84
118	106391	123	-9.11
117.75	106396	123	-9.06
117.5	106402	123	-9.17
117.25	106407	123	-9.1
117	106413	122	-9.14
116.75	106418	122	-9.31
116.5	106423	122	-9.06
116.25	106429	122	-9.22
116	106434	122	-9.09
115.75	106439	122	-9.15
115.5	106444	122	-9.2
115.25	106450	122	-9.1
115	106455	122	-9.2
114.75	106460	122	-9.3
114.5	106465	122	-9.16
114.25	106471	122	-9.32
114	106476	121	-9.28
113.75	106481	121	-9.24
113.5	106487	121	-9.21
113.25	106492	121	-9.33
113	106498	121	-9.28
112.75	106503	121	-9.33
112.5	106508	121	-9.37
112.25	106514	121	-9.14
112	106519	121	-9.27
111.75	106524	121	-9.12
111.5	106530	121	-9.2
111.25	106535	121	-9.25
111	106541	121	-9.39
110.75	106547	121	-9.28
110.5	106552	121	-9.34
110.25	106558	121	-9.47
110	106564	121	-9.54
109.75	106569	121	-9.46
109.5	106575	121	-9.32
109.25	106581	121	-9.18
109	106586	121	-9.15
108.75	106591	121	-9.22
108.5	106597	121	-9.06
108.25	106602	121	-9.31
108	106608	121	-9.45
107.75	106614	121	-9.48
107.5	106619	121	-9.46
107.25	106625	121	-9.52
107	106631	121	-9.65
106.75	106636	121	-9.7
106.5	106642	121	-9.76
106.25	106648	121	-9.73
106	106652	121	-9.77
105.75	106657	121	-9.72
105.5	106662	121	-9.6
105.25	106667	121	-9.62
105	106673	121	-9.69
104.75	106678	121	-9.7
104.5	106683	121	-9.69
104.25	106688	121	-9.86
104	106693	121	-9.86
103.75	106698	121	-10
103.5	106703	121	-9.95
103.25	106708	121	-9.69
103	106714	121	-9.43
102.75	106719	121	-8.97
102.5	106724	121	-8.79
102.25	106729	121	-8.77
102	106734	121	-8.92
101.75	106739	121	-9.02
101.5	106744	121	-9.12
101.25	106749	121	-9.44
101	106754	121	-9.45
100.75	106760	121	-9.39
100.5	106765	121	-9.14
100.25	106770	121	-9.29
100	106775	121	-9.51
99.75	106780	121	-9.13
99.5	106784	121	-9.11
99.25	106789	121	-9.09
99	106794	121	-8.97
98.75	106799	121	-9.23
98.5	106804	121	-9.19
98.25	106808	121	-9.36
98	106813	121	-9.35
97.75	106818	121	-9.34
97.5	106823	121	-9.49
97.25	106828	121	-9.57
97	106832	121	-9.89
96.75	106837	121	-9.33
96.5	106841	121	-9.61
96.25	106846	121	-9.39
96	106851	121	-9.18
95.75	106855	121	-9.18
95.5	106860	121	-9.07
95.25	106865	122	-9.15
95	106870	122	-9.21
94.75	106875	122	-9.33
94.5	106879	122	-9.23
94.25	106884	122	-9.47
94	106889	122	-9.62
93.75	106894	122	-9.52
93.5	106899	122	-9.5
93.25	106903	122	-9.41
93	106908	122	-9.28
92.75	106913	122	-9.27
92.5	106918	122	-9.42
92.25	106923	122	-9.56
92	106927	122	-9.45
91.75	106932	122	-9.46
91.5	106937	122	-9.45
91.25	106941	122	-9.56
91	106946	122	-9.5
90.75	106951	122	-9.32
90.5	106955	123	-9.15
90.25	106960	123	-9.15
90	106965	123	-9.23
89.75	106970	123	-8.94
89.5	106975	123	-8.94
89.25	106980	123	-8.94
89	106985	123	-9.06
88.75	106989	123	-8.97
88.5	106994	124	-9.18
88.25	106999	124	-9.21
88	107004	124	-9.15
87.75	107009	124	-8.85
87.5	107014	124	-8.83
87.25	107018	124	-8.91
87	107023	124	-8.86
86.75	107028	125	-8.92
86.5	107033	125	-8.79
86.25	107038	125	-8.73
86	107043	125	-8.7
85.75	107047	125	-8.88
85.5	107052	125	-8.87
85.25	107056	125	-8.98
85	107061	124	-8.67
84.75	107065	125	-8.43
84.5	107070	125	-8.62
84.25	107075	126	-8.73
84	107080	126	-8.84
83.75	107084	126	-8.8
83.5	107089	126	-8.69
83.25	107093	126	-9.02
83	107098	127	-8.95
82.75	107102	127	-8.94
82.5	107107	127	-8.87
82.25	107111	127	-8.92
82	107116	127	-8.98
81.75	107120	128	-9.05
81.5	107125	128	-9.17
81.25	107130	128	-9.19
81	107134	128	-9.01
80.75	107139	128	-8.98
80.5	107143	128	-8.93
80.25	107148	129	-8.99
80	107152	129	-9.08
79.75	107157	129	-9.25
79.5	107161	129	-9.38
79.25	107166	129	-9.17
79	107170	130	-9.01
78.75	107175	130	-9.12
78.5	107179	130	-9.16
78.25	107184	130	-9.02
78	107188	130	-9.09
77.75	107193	131	-9.53
77.5	107198	131	-9.6
77.25	107202	131	-9.28
77	107206	131	-9.25
76.75	107211	132	-9.2
76.5	107215	132	-9.19
76.25	107220	132	-9.37
76	107224	133	-9.37
75.75	107229	133	-9.44
75.5	107234	133	-9.41
75.25	107238	134	-8.85
75	107243	134	-8.9
74.5	107251	135	-9.33
74.25	107256	135	-9.24
74	107261	135	-9.33
73.75	107266	136	-9.38
73.5	107270	136	-9.32
73.25	107274	137	-9.4
73	107279	137	-9.42
72.75	107283	137	-9.4
72.5	107288	138	-9.46
72.25	107292	138	-9.37
72	107296	138	-9.21
71.75	107301	139	-9.32
71.5	107306	139	-9.22
71.25	107311	139	-9
71	107315	140	-9.19
70.75	107319	140	-9.32
70.5	107324	140	-9.51
70.25	107328	141	-9.28
70	107333	141	-9.34
69.75	107337	141	-9.3
69.5	107342	142	-9.23
69.25	107347	142	-9.21
69	107351	142	-9.06
68.75	107356	143	-9.15
68.5	107360	143	-8.9
68.25	107364	143	-9.09
68	107369	144	-8.94
67.75	107374	144	-8.86
67.5	107379	145	-8.79
67.25	107383	145	-8.55
67	107388	146	-8.69
66.75	107393	146	-8.68
66.5	107398	146	-8.82
66.25	107403	147	-9.02
66	107407	147	-8.83
65.75	107412	148	-8.69
65.5	107417	148	-8.55
65.25	107422	149	-8.86
65	107427	150	-8.73
64.75	107431	150	-8.89
64.5	107436	151	-9.16
64.25	107441	151	-9.37
64	107446	152	-9.4
63.75	107451	152	-9.56
63.5	107455	153	-9.87
63.25	107460	153	-9.97
63	107465	154	-10.25
62.75	107470	154	-10.3
62.5	107475	155	-10.18
62.25	107480	155	-10.24
62	107485	156	-10.36
61.75	107490	157	-10.36
61.5	107495	158	-10.43
61.25	107500	159	-10.64
61	107505	160	-10.69
60.75	107510	161	-10.96
60.5	107515	161	-10.91
60.25	107520	162	-10.98
60	107525	163	-10.84
59.75	107530	164	-10.8
59.5	107535	165	-10.91
59.25	107540	166	-11.16
59	107545	167	-10.94
58.75	107550	168	-10.84
58.5	107555	169	-10.63
58.25	107559	169	-10.32
58	107564	170	-10.44
57.75	107569	171	-10.74
57.5	107574	172	-10.39
57.25	107579	173	-9.99
57	107584	174	-10.1
56.75	107589	175	-10.15
56.5	107594	176	-10.35
56.25	107599	177	-10.28
56	107604	177	-9.77
55.75	107610	178	-9.57
55.5	107615	179	-9.79
54.5	107801	234	-8.96
54.25	107817	232	-9.04
54	107834	230	-9.12
53.75	107851	228	-9.13
53.5	107867	225	-9.25
53.25	107883	222	-9.27
53	107900	219	-9.11
52.75	107916	216	-9.23
52.5	107933	214	-9.23
52.25	107950	211	-9.26
52	107967	208	-9.13
51.75	107983	205	-9.26
51.5	108000	202	-9.41
51.25	108016	202	-9.39
51	108032	202	-9.35
50.75	108049	202	-9.28
50.5	108065	202	-9.33
50.25	108081	202	-9.4
50	108098	202	-9.44
49.75	108114	202	-9.41
49.5	108131	202	-9.59
49.25	108147	202	-9.71
49	108163	201	-9.79
48.75	108180	201	-9.7
48.5	108196	200	-9.54
48.25	108213	200	-9.39
48	108229	199	-9.24
47.75	108245	198	-8.9
47.5	108262	197	-8.7
47.25	108278	196	-8.7
47	108294	195	-8.95
46.75	108311	194	-9.07
46.5	108327	192	-8.86
46.25	108344	191	-8.56
46	108360	193	-8.78
45.75	108376	194	-8.82
45.5	108392	196	-8.89
45.25	108409	197	-8.93
45	108425	198	-8.97
44.75	108441	200	-8.77
44.5	108457	201	-8.79
44.25	108473	202	-8.96
44	108489	203	-8.9
43.75	108506	204	-8.91
43.5	108522	204	-9.16
43.25	108538	205	-9.1
43	108554	206	-9.15
42.75	108570	207	-8.96
42.5	108586	207	-8.89
42.25	108602	208	-9.22
42	108619	208	-9.55
41.75	108635	208	-9.44
41.5	108651	209	-9.27
41.25	108667	209	-9.31
41	108683	209	-9.34
40.75	108699	209	-9.17
40.5	108716	209	-9.13
40.25	108732	209	-9.45
40	108748	210	-9.29
39.75	108764	210	-9.23
39.5	108780	210	-9.39
39.25	108797	210	-9.9
39	108814	210	-10.71
38.75	108830	210	-11.16
38.5	108846	210	-11.15
38.25	108863	210	-11.08
38	108879	210	-10.87
37.75	108895	210	-11.31
37.5	108912	210	-11.25
37.25	108928	210	-11.07
37	108945	210	-10.99
36.75	108962	210	-11.12
36.5	108982	212	-11.02
36.25	109002	214	-11.03
36	109022	217	-11.09
35.75	109042	219	-11.15
35.5	109062	220	-11.46
35.25	109082	222	-11.4
35	109102	224	-11.43
34.75	109122	225	-11.36
34.5	109142	226	-11.19
34.25	109162	227	-10.81
34	109182	228	-11.2
33.75	109203	229	-11.41
33.5	109223	230	-11.12
33.25	109243	230	-11.38
33	109263	231	-11.28
32.75	109283	231	-11.2
32.5	109303	231	-11.23
32.25	109323	231	-11.12
32	109343	230	-11.09
31.75	109363	230	-11.15
31.5	109384	230	-11.15
31.25	109402	228	-10.94
31	109421	227	-10.82
30.75	109440	225	-10.76
30.5	109463	228	-10.72
30.25	109487	230	-10.91
30	109510	232	-11.01
29.75	109532	234	-10.96
29.5	109554	235	-10.79
29.25	109576	236	-10.7
29	109598	237	-10.7
28.75	109620	237	-10.8
28.5	109642	238	-10.8
28.25	109664	239	-10.68
28	109683	240	-10.73
27.75	109703	241	-10.65
27.5	109723	243	-10.72
27.25	109742	244	-10.82
27	109762	245	-10.85
26.75	109782	246	-10.96
26.5	109801	247	-11
26.25	109821	248	-11.01
26	109841	249	-10.93
25.75	109861	249	-10.87
25.5	109881	250	-10.73
25.25	109900	250	-10.69
25	109920	250	-10.68
24.75	109939	251	-10.73
24.5	109959	251	-10.72
24.25	109979	250	-10.95
24	109999	250	-10.97
23.75	110018	250	-11
23.5	110038	250	-10.95
23.25	110058	249	-11.04
23	110078	249	-10.92
22.75	110097	248	-10.95
22.5	110117	248	-10.93
22.25	110133	250	-10.78
22	110149	251	-10.95
21.75	110165	253	-10.99
21.5	110182	255	-11.04
21.25	110198	257	-10.98
21	110214	259	-10.99
20.75	110230	261	-10.87
20.5	110246	263	-10.78
20.25	110262	265	-10.67
20	110278	267	-10.65
19.75	110294	269	-10.7
19.5	110310	271	-10.6
19.25	110326	273	-10.44
19	110342	274	-10.32
18.75	110358	276	-10.32
18.5	110375	278	-10.17
18.25	110391	280	-10.03
18	110407	281	-10.07
17.75	110423	283	-10.07
17.5	110439	284	-10.24
17.25	110455	286	-10.05
17	110471	287	-9.94
16.75	110487	288	-9.98
16.5	110504	290	-10.01
16.25	110520	291	-10
16	110536	293	-10.04
15.75	110552	294	-10.02
15.5	110568	296	-9.97
15.25	110584	297	-9.98
15	110600	299	-10.01
14.75	110616	300	-9.97
14.5	110632	301	-9.99
14.25	110649	307	-10.01
14	110667	313	-9.9
13.75	110684	318	-9.8
13.5	110702	324	-9.84
13.25	110720	330	-9.81
13	110737	336	-9.79
12.75	110755	341	-9.68
12.5	110772	347	-9.6
12.25	110790	353	-9.48
12	110807	358	-9.49
11.75	110825	364	-9.49
11.5	110842	369	-9.67
11.25	110860	375	-9.89
11	110878	380	-9.98
10.75	110895	386	-10.14
10.5	110912	392	-10.06
10.25	110929	397	-10.16
10	110947	403	-10.15
9.75	110965	408	-10.2
9.5	110982	414	-10.14
9.25	111000	419	-9.98
9	111018	424	-9.93
8.75	111035	430	-10.07
8.5	111052	435	-10
8.25	111070	440	-10.03
8	111087	446	-9.79
7.75	111105	451	-9.68
7.5	111122	456	-9.42
7.25	111140	462	-9.64
7	111157	467	-9.81
6.75	111175	472	-9.91
6.5	111192	478	-9.8
6.25	111210	483	-9.58
6	111227	488	-9.54
5.75	111245	493	-9.49
5.5	111262	499	-9.13
5.25	111279	504	-9.02
5	111297	509	-9.18
4.75	111315	515	-9.49
			



